timestep,reward
104,-30.116737
124,-30.116737
228,-30.116737
312,-96.978957
360,-96.978957
384,-96.978957
432,-96.978957
448,-96.978957
480,-96.978957
512,-96.978957
516,-133.49594
540,-133.49594
584,-133.49594
620,-133.49594
652,-133.49594
680,-254.538906
684,-254.538906
792,-32.801632
904,-3.669272
944,-143.089596
956,-201.307694
1012,-19.973408
1060,-21.232973
1144,-21.232973
1364,-70.990562
1456,-70.990562
1504,-70.990562
1560,-70.990562
1680,-70.990562
1816,-171.214396
1828,-171.214396
1900,-171.214396
1972,-171.214396
2140,-171.214396
2440,-171.214396
2672,-171.214396
2788,-171.214396
2876,-171.214396
2892,-171.214396
3292,-171.214396
4516,-1041.852411
4620,-1041.852411
4656,-11.426343
4724,-42.591756
4840,-42.591756
4884,-37.810187
4944,-1083.425812
4984,-49.02721
5012,-49.02721
5052,-27.370786
5060,-1043.405007
5160,-1043.405007
5220,-31.544661
5264,-69.540527
5404,-59.828436
5504,-59.828436
5512,-24.277328
5532,-83.748113
5636,-83.748113
5724,-34.651091
5816,-1062.875936
5864,-19.024504
5992,-156.249863
6004,-84.657453
6112,-84.657453
6304,-82.350857
6552,-82.350857
6576,-204.230825
6732,-72.606814
6820,-53.667922
6876,-53.667922
6912,-30.199502
6940,-30.199502
7024,-20.01541
7124,-18.684618
7188,-151.279506
7208,-24.948489
7240,-24.948489
7292,-24.948489
7392,-24.948489
7484,-54.526624
7508,-54.526624
7608,-54.526624
7708,-54.526624
7724,-54.526624
7804,-54.526624
7884,-54.526624
7968,-54.526624
8004,-164.376595
8020,-164.376595
8084,-14.913194
8148,-22.311438
8276,-22.311438
8312,-61.613847
8384,-22.575948
8496,2.221688
8872,-78.595074
8888,-78.595074
8892,-78.595074
8944,-1144.185221
8948,-20.716145
9056,-20.716145
9136,-59.144794
9160,-59.144794
9172,-52.72015
9200,-52.72015
9244,-52.72015
9308,-15.866766
9456,-15.866766
9532,-15.866766
9576,-15.866766
9652,-15.866766
9984,-15.866766
9992,-1045.771319
10108,-40.066504
10112,-40.066504
10196,-40.066504
10200,-45.234436
10264,-45.234436
10388,-45.234436
10540,-117.022728
10660,-17.849944
10828,-17.849944
10856,-17.849944
10992,-17.849944
11032,-130.993777
11144,-130.993777
11188,-1087.849959
11196,-1087.849959
11316,-1087.849959
11320,-1087.849959
11448,-1087.849959
11612,-1087.849959
11688,-1087.849959
11804,-1087.849959
12120,-1087.849959
12564,-1087.849959
13136,-1076.804705
13280,-36.145846
13308,-1102.934035
13456,-1102.934035
13468,-51.822243
13532,-17.821208
13544,-102.139783
13700,-102.139783
13704,-47.589396
13736,-36.170015
13792,-36.170015
13908,-60.509849
14020,-13.195844
14076,-68.496391
14224,-68.496391
14344,-78.58303
14368,-78.58303
14952,-78.58303
15000,-78.58303
15032,-1070.104629
15056,-1070.104629
15188,-1079.846489
15252,-27.295274
15356,-27.295274
15448,-27.295274
15460,-63.335459
15540,-63.335459
15572,-27.665236
15668,-27.665236
15688,-27.665236
15736,-27.665236
15756,-27.665236
15804,-27.665236
15872,-90.290886
15884,-90.290886
15924,-90.290886
15948,-90.290886
15992,-27.828998
16196,-27.828998
16216,-27.828998
16244,-27.828998
16252,-27.828998
16324,-27.828998
16332,-27.828998
16384,-27.828998
16404,-94.931138
16460,-94.931138
16476,-94.931138
16556,-94.931138
16564,-94.931138
16616,-50.637807
16636,-50.637807
16672,-50.637807
16824,-61.223043
16932,-43.098638
17032,-9.288781
17060,-9.288781
17072,-9.288781
17120,-9.288781
17164,-9.288781
17216,-9.288781
17288,-82.606092
17368,-82.606092
17372,-82.606092
17548,-82.606092
17552,-82.606092
17624,-82.606092
17768,-128.265424
17824,-11.695338
17916,-11.695338
17948,-35.10438
17972,-35.10438
18000,-35.10438
18020,-998.891578
18248,-4.947438
18344,-938.337173
18428,-36.331266
18492,-40.789225
18496,-25.270179
18520,-25.270179
18560,-22.479809
18564,-22.479809
18568,-57.292711
18652,-21.065598
18804,-9.317341
18964,-9.317341
19032,-937.280195
19072,-161.45872
19308,-98.369797
19340,-223.909388
19372,-41.66429
19432,-25.528824
19548,-44.641276
19588,-2.213036
19776,-18.721859
19796,-105.795215
19800,-133.087936
19904,-39.698964
19944,-30.594313
19984,-7.647067
20100,-15.705934
20132,-49.767521
20168,-90.040286
20372,-64.166764
20384,-58.364266
20636,-58.364266
20724,-54.258873
20840,-54.258873
20852,-21.946869
21148,-21.946869
21152,-68.128124
21196,-8.233598
21372,-8.233598
21556,-8.233598
21692,-137.206821
21724,-137.206821
21864,-137.206821
22000,-137.206821
22068,-80.632546
22112,-80.632546
22160,-80.632546
22204,-28.802989
22208,-28.802989
22256,-28.802989
22308,-31.274527
22348,-31.274527
22380,-31.274527
22612,-31.274527
22624,-31.274527
22732,-31.274527
22880,-31.274527
22964,-31.274527
23096,-31.274527
23140,-31.274527
23148,-31.274527
23264,-31.274527
23308,-964.542635
23456,-964.542635
23460,-964.542635
23492,-964.542635
23612,-109.032039
23788,-109.032039
23900,-129.958275
23940,-129.958275
24040,-43.310208
24120,-43.310208
24132,-931.182919
24192,-931.182919
24276,-25.548592
24372,-908.34785
24472,-55.865785
24516,-166.508946
24684,-45.222263
25016,-74.55406
25060,-39.135149
25088,-22.015704
25140,-25.391001
25240,-30.575783
25292,-9.435241
25384,-16.769775
25804,-114.267104
25844,-209.567244
25980,-40.197739
26124,-97.386226
26204,-64.865603
26308,-993.676945
26348,-993.676945
26376,-34.695291
26652,-34.695291
26732,-34.695291
26912,-152.894894
26916,-152.894894
27008,-20.99511
27132,-144.810179
27196,-144.810179
27212,-309.778167
27296,-24.344671
27456,-24.344671
27460,-24.344671
27496,-29.587724
27512,-29.587724
27636,-29.587724
27664,-46.403221
27752,-46.403221
27812,-60.189738
27840,-60.189738
27896,-22.064792
27932,-22.064792
27992,-22.064792
28024,-22.064792
28092,-22.064792
28096,-22.064792
28112,-22.064792
28136,-22.064792
28148,-127.279845
28172,-127.279845
28192,-127.279845
28256,-127.279845
28260,-42.29242
28284,-49.051196
28372,-923.9948
28784,-87.157782
28908,-34.755773
28932,-34.755773
28940,-9.06682
29048,-9.06682
29168,-245.81778
29228,-8.366896
29568,-73.831784
29604,-7.066915
29744,-7.066915
29920,-89.068287
30172,-89.068287
30512,-152.496036
30604,-152.496036
30760,-152.496036
31212,-1058.595809
31388,-1058.595809
31724,-91.194495
31960,-44.326879
32136,-44.326879
32192,-44.326879
32216,-71.686599
32260,-1007.40332
32328,-1007.40332
32360,-45.573543
32420,-45.573543
32448,-45.573543
32488,-9.610862
32500,-20.689973
32504,-20.689973
32560,-20.689973
32632,-3.816671
32712,2.797499
32900,2.797499
32924,2.797499
32936,-97.043357
32940,-988.994682
32960,-988.994682
33076,-145.574778
33160,-145.574778
33196,-51.436718
33328,-59.98816
33372,-59.98816
33400,-14.850859
33464,-14.850859
33564,-14.850859
33632,-62.121198
33672,-66.388554
33872,-65.34938
33936,-25.988186
34184,-69.676348
34312,-20.685648
34512,-1024.832046
35044,-182.272691
35312,-104.045911
35356,-3.47231
35388,-3.47231
35472,-3.47231
35692,-3.47231
36016,-225.163042
36136,-225.163042
36176,-225.163042
36192,-20.267499
36256,-20.267499
36280,-20.267499
36324,-2.579173
36704,-76.773021
36720,-76.773021
36756,-2.636208
36852,-2.636208
36888,-27.916015
36936,-1043.401843
36960,-1043.401843
37060,-1043.401843
37156,-74.37679
37416,-74.37679
37464,-74.37679
37564,-74.37679
37624,-74.37679
37632,-954.105151
37664,-954.105151
37708,-954.105151
37760,-31.278592
37864,-31.278592
37916,-31.278592
38064,-31.278592
38140,-31.278592
38212,-31.278592
38232,-58.060837
38368,-58.060837
38424,-254.346402
38432,-9.99842
38512,-974.238151
38556,-974.238151
38560,-29.576165
38680,-60.020793
38736,-81.827547
38752,-81.827547
38756,-81.827547
38788,-5.300566
38836,-5.300566
38908,-36.732926
38920,-36.732926
39184,-86.137806
39228,-14.72567
39244,-93.840595
39280,-2.652754
39316,-2.652754
39400,-73.646532
39500,-81.676172
39544,-81.676172
39576,-81.676172
39628,-44.386834
39704,-44.386834
39720,-14.451682
39848,-106.433394
39876,-23.252958
39896,-11.5711
39972,-80.392671
40032,-45.538953
40056,-45.538953
40068,-68.023604
40072,-30.876066
40192,-30.876066
40208,-30.876066
40232,-49.827886
40256,-49.827886
40320,-13.196153
40324,-13.196153
40492,-13.196153
40508,-13.196153
40536,-101.996035
40548,-101.996035
40564,-50.966622
40588,-50.966622
40772,-50.966622
40852,-50.966622
40900,-50.966622
40924,-50.966622
40928,-100.660761
40936,-898.709935
41052,-24.840256
41144,-51.758682
41172,-163.596157
41404,-163.596157
41408,-104.651259
41492,-23.470445
41608,-23.470445
41756,-23.470445
41828,-23.470445
41912,-23.470445
42212,-23.470445
42244,-23.470445
42300,-23.470445
44068,-935.420523
44492,-935.420523
44500,-89.989913
44548,-89.989913
44620,-10.842132
44652,-10.842132
44664,-10.842132
44716,-8.081976
44728,-8.081976
44864,-25.610016
44940,-22.648879
45036,-22.648879
45052,-930.346296
45132,-25.124501
45172,-942.66149
45220,-942.66149
45236,-34.732344
45312,-34.732344
45352,-26.135649
45440,-9.321244
45492,-877.972734
45524,-34.752248
45584,-10.851498
45592,-10.851498
45604,-53.542934
45676,-21.14211
45696,-41.964235
45744,-1.288463
45852,-1.288463
45880,-94.806563
45928,-94.806563
45964,-52.286285
46000,-87.343235
46080,-87.343235
46108,-37.120216
46148,-7.864534
46244,-7.864534
46300,-7.864534
46356,-7.864534
46444,-7.864534
46544,-48.140863
46604,-48.140863
46608,-135.196208
46752,-135.196208
46764,-137.04365
46908,-137.04365
46912,-86.865229
46960,-104.983117
47056,4.418219
47072,4.418219
47080,4.418219
47148,-26.20405
47224,-26.20405
47232,-48.458281
47360,-20.108285
47440,-20.108285
47512,-35.567234
47544,-35.567234
47560,-5.726989
47604,-5.726989
47724,-77.037028
47804,-77.037028
47808,-40.278755
47872,-40.278755
47940,-12.090326
48244,-54.830667
48384,-46.505508
48728,-46.505508
48820,-46.505508
48940,-975.675942
49028,-5.857398
49216,-56.455596
49224,-158.150192
49312,-11.769325
49368,-12.987152
49480,-58.925529
49588,-26.016005
50764,-819.12999
51072,-819.12999
51144,-819.12999
51224,-819.12999
51396,-819.12999
51560,-852.887226
51584,-852.887226
51620,-10.118362
51628,-10.118362
51672,-10.118362
51820,-97.480176
51872,-97.480176
51900,-97.480176
52004,-97.480176
52436,-97.480176
52820,-97.480176
52864,-97.480176
52936,-97.480176
52968,-97.480176
53028,-97.480176
53084,-97.480176
53228,-97.480176
53272,-97.480176
53280,-97.480176
53312,-907.862379
53396,-907.862379
53424,-907.862379
53460,-907.862379
53588,-917.508224
53780,-917.508224
53964,-128.221973
53988,-128.221973
54364,-128.221973
54624,-128.221973
54764,-877.600273
54824,-7.020492
54980,-7.020492
55172,-81.532459
55408,-55.461199
55496,-55.461199
55532,-20.764197
55768,-20.764197
55808,-42.266182
55820,-873.869869
55900,-873.869869
55908,-22.777623
55916,-22.777623
56056,-17.56419
56104,-7.658615
56148,-7.658615
56176,-17.514056
56268,-17.514056
56348,-17.514056
56524,-79.519156
56560,-79.519156
56604,-79.519156
56684,-79.519156
57172,-79.519156
57184,-192.095169
57308,-192.095169
57312,-914.226889
57352,-40.919362
57424,-40.919362
57528,-40.919362
57540,-77.468978
57560,-77.468978
57596,-13.555207
57688,-13.555207
57780,-13.555207
57796,-115.754649
57828,-115.754649
57856,-115.754649
57952,-115.754649
57964,-897.799139
57996,-107.216757
58044,-25.077164
58112,-31.905661
58148,-42.558275
58420,-42.558275
58520,-141.494161
58704,-146.254089
58928,-136.041393
58936,-39.962191
59292,-112.249939
59316,-93.596703
59468,-41.168296
59488,-86.712365
59524,-18.753262
59592,-10.004814
59656,-27.489189
59740,-22.273949
59820,-830.692601
59888,-44.34151
59968,-72.33888
60052,-70.767633
60088,-35.596088
60204,-17.144261
60616,-74.221248
60684,-74.221248
60888,-58.791201
61076,-89.264485
61364,-51.973753
61680,-69.425659
61688,-69.425659
61780,-33.34437
61828,-33.34437
61916,-28.118508
62016,-28.118508
62044,-854.365645
62068,-854.365645
62116,-18.285242
62420,-18.285242
62500,-77.948184
62844,-101.050844
63008,-17.504841
63488,-65.221053
63560,-65.221053
63632,-7.498421
63876,-83.298843
63888,-853.72593
63964,-853.72593
64012,-14.512595
64052,-882.673227
64116,-83.15734
64168,-13.711312
64272,-13.711312
64292,-39.754803
64480,-27.707061
64512,-27.707061
64632,-27.707061
64684,-27.707061
64700,-27.707061
64708,-71.206335
64792,-71.206335
64808,-91.676363
64852,-24.885801
65000,-18.59441
65004,-18.59441
65076,-18.59441
65120,-31.44676
65208,-31.44676
65264,-49.956762
65436,-49.956762
65640,-142.700244
65672,-132.03328
65692,-18.256119
65700,-18.256119
65804,-18.256119
65828,-18.256119
65852,-18.256119
65916,-830.15867
65964,-830.15867
65984,-16.922498
66008,-16.922498
66068,-16.922498
66180,-16.922498
66212,-15.205535
66264,-15.205535
66544,-65.645865
66620,-65.645865
66816,-65.645865
66884,-65.645865
66948,-65.645865
66960,-65.645865
67072,-65.645865
67088,-65.645865
67096,-140.794159
67264,-140.794159
67268,-26.824597
67340,-26.824597
67616,-26.824597
67752,-26.824597
67772,-26.824597
67856,-26.824597
67976,-26.824597
68156,-26.824597
68468,-26.824597
68480,-819.035752
68656,-26.234906
68884,-26.234906
68924,-26.234906
69028,-26.234906
69064,-80.483765
69092,-80.483765
69256,-80.483765
69372,-80.483765
69536,-81.589815
69640,-81.589815
69672,-780.624207
69692,-754.513148
69716,-28.144598
69748,-17.191298
69764,-29.066458
69876,-16.160651
69984,-16.160651
70016,-16.160651
70068,-16.160651
70164,-38.700406
70276,-38.700406
70288,-38.700406
70332,-84.251942
70364,-84.251942
70380,-33.855398
70412,-26.368215
70472,-6.831332
70596,-3.780144
70604,-38.827244
70732,-38.827244
70980,-81.807079
71016,-130.162742
71064,-2.202511
71156,-4.99002
71196,-72.420492
71268,-778.132355
71340,-26.180277
71448,-18.730021
71516,-8.326048
71524,-8.84695
71564,-5.20082
71568,-41.122387
71596,-41.122387
71676,-22.356678
71684,-22.356678
71712,-24.145059
71732,-34.367938
71812,-32.033391
71836,-32.033391
71896,-24.00801
71904,-33.978542
71932,-42.481423
71940,-9.716005
71956,-8.617162
72056,-19.390754
72204,-81.018269
72216,-81.018269
72276,-18.427826
72372,-29.81923
72516,-137.393971
72580,-19.608683
72684,-35.165961
72708,-55.075949
72748,-134.689831
72824,-13.534493
72912,-6.789525
73016,1.001522
73020,-5.352205
73028,-64.772184
73140,-45.85407
73164,-23.483273
73204,-10.163865
73392,-94.595978
73428,-34.117206
73452,-45.527545
73488,-5.788284
73492,-18.182049
73624,-33.79949
73716,-834.814073
73772,-0.00293
73848,-22.813423
73960,-117.64704
73984,-117.64704
74080,-33.479988
74096,-40.354087
74108,-40.354087
74216,-40.354087
74248,1.427094
74276,1.427094
74348,-93.175596
74440,-20.944725
74444,-20.944725
74572,-42.052793
74732,-42.052793
74780,-19.958719
74856,-23.720195
74908,-7.480308
75052,-7.480308
75116,-216.692222
75180,-57.482509
75344,-49.35632
75432,-88.296406
75496,-32.676122
75676,-44.015184
75704,-19.36137
75832,-19.36137
76072,-58.112732
76172,-58.112732
76192,-18.003468
76216,-18.003468
76244,-18.003468
76252,-80.738957
76512,-80.738957
76580,-89.679283
76612,-89.679283
76664,-89.679283
77196,-89.679283
77292,-89.679283
77324,-89.679283
77380,-89.679283
77464,-89.679283
77488,-743.406851
77556,-743.406851
77704,-54.462632
77884,-54.462632
78056,-54.462632
78080,-794.243853
78128,-78.487612
78132,1.70267
78228,-6.139223
78276,-6.139223
78508,-79.261178
78536,-79.261178
78556,-79.261178
78656,-110.025648
78668,-110.025648
78712,-110.025648
78732,-110.025648
78784,-110.025648
78888,-110.025648
78900,-121.684573
78980,-121.684573
78996,-72.288938
79008,-72.288938
79048,-72.288938
79092,-24.93507
79192,-24.93507
79232,-24.93507
79240,-69.294736
79372,-69.294736
79388,-69.294736
79424,-69.294736
79432,-53.958438
79504,-47.894633
79668,-49.835843
79740,-49.835843
79812,-10.861734
79852,-8.405775
79928,-11.400522
79968,-11.400522
79996,-11.400522
80096,-11.400522
80200,-11.400522
80252,-809.740921
80256,-45.723665
80288,-8.397286
80360,-8.397286
80396,-36.058678
80420,-36.058678
80456,-36.058678
80488,-24.540066
80548,-24.540066
80580,-765.543832
80692,-765.543832
80700,-765.543832
80808,-66.234443
80820,-66.234443
80832,-138.380062
80844,-138.380062
80924,-54.290768
80976,-54.290768
80984,-48.3022
81032,-48.3022
81040,-14.044032
81148,-44.061232
81156,-44.061232
81236,-86.669421
81372,-53.095371
81384,-53.095371
81432,-20.652478
81836,-20.652478
81984,-20.652478
82044,-20.652478
82180,-20.652478
82668,-20.652478
82888,-20.652478
82904,-20.652478
83260,-20.652478
83316,-20.652478
83504,-740.068537
83680,-740.068537
83900,-740.068537
84536,-740.068537
84624,-740.068537
84920,-262.134794
84924,-794.279631
85236,-775.592639
85280,-56.237456
85372,-22.9773
85384,-22.9773
85416,-133.979137
85424,-2.581177
85432,-775.048015
85520,-11.712147
85544,-25.653835
85972,-96.233054
86036,-130.695982
86100,-24.162188
86180,-24.162188
86220,-20.634246
86248,-42.177622
86360,1.04111
86464,1.04111
86472,-16.057893
86504,-31.367837
86528,-31.367837
86552,-12.181512
86620,-11.449276
86928,-63.891508
87152,-36.683725
87380,-184.448556
87680,-184.448556
87732,-184.448556
87772,-111.989039
88424,-71.294839
88624,-71.294839
89384,-71.294839
89416,-677.056213
89496,-7.910377
89520,-744.616823
89580,-23.239395
89652,-10.139375
89688,-10.242139
89768,-16.08458
89808,-61.035455
90088,-30.616194
90204,-59.218879
90256,-32.078035
90420,-39.77174
90440,-18.224533
90620,-18.224533
91168,-18.224533
91196,-115.228231
91372,-115.228231
91380,-755.412761
91520,-34.458348
91704,-8.089337
91732,-8.089337
91912,-47.142854
92424,-764.122089
92488,-10.504831
92624,-10.504831
92632,-34.306454
93144,-34.306454
93384,-34.306454
93432,-34.306454
93536,-34.306454
93548,-161.979974
93688,-16.153105
93732,-7.373237
93876,-7.373237
94116,-94.508029
94220,-94.508029
94420,-659.790812
94512,-659.790812
94540,-48.293207
94668,-68.04559
94868,-10.312585
95040,-76.070214
95196,-601.693434
95300,-14.517462
95336,-65.552277
95372,-65.552277
95392,-22.797
95544,-22.797
95680,-108.585238
95728,-108.585238
95732,-108.585238
95832,-108.585238
95864,-108.585238
95892,-72.109441
95912,-699.440442
96004,-699.440442
96024,-24.987936
96100,-21.333719
96252,23.431929
96308,23.431929
96440,23.431929
96476,-28.505983
96612,-52.921354
96616,-52.921354
96620,-52.921354
96808,-12.217392
96812,-12.217392
96828,-12.217392
96968,-80.261171
97144,-80.261171
97208,-59.086983
97212,-51.982502
97368,-51.982502
97384,-34.792516
97572,-66.258852
97584,-66.258852
97588,-66.258852
97644,-66.258852
97668,-120.537365
97800,-120.537365
97864,-29.973329
98000,-27.02142
98204,-27.02142
98440,-118.16632
98500,-8.37555
98756,-39.747487
99036,-57.965594
99040,-728.474553
99312,-46.121415
99344,-46.121415
99432,-16.927882
99532,-16.927882
99628,-16.927882
99732,-16.927882
99744,-66.243626
99832,-66.243626
99920,-66.243626
99964,-4.987868
100024,-651.552998
100152,-33.558519
100236,-21.386809
100320,-21.386809
100372,-21.386809
100452,-21.386809
100540,-21.386809
100720,9.912415
100828,9.912415
100912,9.912415
101012,9.912415
101196,9.912415
101260,-122.832306
101368,-122.832306
101476,-122.832306
101532,-37.082303
101584,-4.871738
101612,-4.871738
101668,-702.042176
101720,-34.056603
101800,-34.056603
101820,-1.285801
101904,-32.522823
101968,-32.522823
102052,-1.243986
102084,-1.243986
102316,-1.243986
102348,-63.765054
102436,-23.790499
103036,-675.106954
103920,-675.106954
104116,-187.880963
104124,-187.880963
104152,-647.626645
104212,-33.894238
104372,-29.785084
104420,-45.655119
104472,-10.931522
104588,-17.200722
104700,-16.576565
104924,-10.461029
105016,-44.238074
105092,-4.506623
105196,-4.506623
105608,-87.521185
105696,-246.944777
105800,-246.944777
105820,-662.589562
105872,-662.589562
105892,-10.852146
105956,-17.651152
106032,4.152138
106072,-44.438655
106092,-35.188464
106168,-6.281242
106176,-6.281242
106232,-6.281242
106268,-6.281242
106284,-42.724033
106316,-42.724033
106372,-9.348161
106436,-703.519418
106588,-703.519418
106680,-703.519418
106856,-703.519418
107120,3.983673
107156,3.983673
107272,3.983673
107540,3.983673
107596,12.109664
107912,12.109664
107920,-51.883432
108124,-51.883432
108636,-51.883432
108796,-51.883432
108888,-51.883432
108900,-131.029645
109108,-23.140706
109164,-5.238864
109196,-5.238864
109228,-6.685194
109340,-6.685194
109552,-6.685194
109752,-61.759603
109896,-61.759603
109904,-15.245343
110072,-675.886691
110128,-16.537369
110168,-671.748949
110268,-671.748949
110336,-54.597899
110352,-29.31002
110404,-9.597489
110436,-629.845068
110568,-29.310276
110584,16.546341
110648,16.546341
110808,16.546341
110832,-35.636144
110880,-52.590641
110920,-52.590641
110956,-98.770382
110984,-98.770382
111052,-98.770382
111060,-32.131613
111088,-67.877671
111176,-5.581997
111180,-36.231621
111332,-36.231621
111476,-83.430249
111524,-13.365553
111912,-13.365553
112008,-109.466054
112120,-109.466054
112172,-8.914041
112300,-172.052562
112412,-29.012091
112420,-29.012091
112524,-72.562915
112640,-72.562915
112648,-20.960992
112700,-6.248623
112888,-6.248623
113088,-6.248623
113216,-6.248623
113400,-6.248623
113420,-198.065571
113444,-198.065571
113656,-198.065571
113824,-198.065571
114004,-198.065571
114020,-198.065571
114084,-198.065571
114128,-667.009865
114220,1.267651
114272,1.267651
114296,-14.96727
114320,-14.96727
114332,-4.379324
114340,-179.572952
114612,-45.808108
114644,-7.320093
114688,-7.320093
114736,-7.320093
114956,-637.391533
114984,-637.391533
115020,-44.341255
115028,-9.602565
115156,-41.239594
115168,-41.239594
115280,-41.239594
115332,-40.472123
115404,-40.472123
115580,-40.472123
115584,-35.344642
115676,-4.174541
115696,-4.174541
115712,-97.219524
115808,-4.745235
116008,-2.195521
116276,-73.38728
116284,2.977393
116336,2.977393
116408,2.977393
116412,-630.258005
116440,-630.258005
116544,-630.258005
116760,-61.339163
116924,14.442456
116928,14.442456
116968,-3.940427
117136,-3.940427
117556,-3.940427
117616,-3.940427
117632,-3.940427
118040,-3.940427
118108,-3.940427
118256,-3.940427
118320,-3.940427
118476,-3.940427
118584,-3.940427
118600,-3.940427
118612,-724.143335
118648,-724.143335
118696,-724.143335
118940,-62.360413
119064,-62.360413
119088,9.022218
119172,-28.114381
119280,-28.114381
119328,-28.114381
119364,-39.536019
119400,-39.536019
119436,-11.605846
119464,-11.605846
119472,-11.605846
119576,-11.605846
119624,-11.605846
119740,-11.605846
119900,-11.605846
119972,-11.605846
120044,-123.08554
120088,-123.08554
120212,-47.986481
120284,-682.736453
120308,-12.18541
120372,2.056839
120412,-663.943912
120424,-18.503089
120592,-46.620585
120668,-41.45133
120688,-4.085575
120764,-1.397241
120968,-637.883232
121096,-143.661159
121124,-93.320658
121436,-23.473896
121508,-53.955518
121544,-45.413736
121696,-18.378528
121828,-7.619174
121896,-11.915755
122108,-11.915755
122288,-60.266385
122380,-60.266385
122504,-15.264876
122528,-15.264876
122740,-15.264876
122796,-15.264876
122944,-102.046285
123312,-36.846007
123464,-36.846007
123480,18.993171
123532,18.993171
123592,18.993171
123644,18.993171
123740,18.993171
123980,-66.318608
123988,-66.318608
124032,-66.318608
124088,-66.318608
124104,-66.318608
124116,-17.691798
124320,-17.691798
124340,-17.691798
124412,-17.691798
124544,-92.015674
124560,-92.015674
124656,-92.015674
124668,-592.872015
124680,-592.872015
124700,-50.61974
124732,-50.61974
124784,-50.61974
124840,-50.61974
124892,-4.162475
124980,-4.162475
125004,-4.162475
125016,-35.018141
125200,-35.018141
125268,-35.018141
125292,-35.018141
125332,-35.018141
125428,-93.135946
125436,-586.114245
125524,10.530782
125544,-564.757071
125636,-21.819496
125768,-21.819496
125816,-16.157963
125824,-28.941496
125832,-1.267324
125940,-93.517923
126260,-64.415011
126428,-64.805775
126624,-72.406812
126632,-58.798679
126684,-58.798679
126784,-19.142422
127612,-134.404379
127912,-20.602676
128036,-13.751585
128096,-27.61015
128840,-27.61015
129004,-27.61015
129076,-27.61015
129332,-27.61015
129380,-27.61015
129412,-27.61015
129580,-27.61015
129672,-27.61015
129832,-667.754763
129940,-606.303114
129952,-606.303114
129976,-16.567627
129996,-16.567627
130052,-21.103556
130068,-21.103556
130164,-26.986545
130244,-26.986545
130452,-71.242042
130524,-71.242042
130668,-71.242042
130684,-71.242042
130732,-71.242042
130784,-568.77784
130860,-25.163665
130876,-83.983863
130944,-83.983863
130948,-21.201375
130972,-14.962715
131052,-5.702945
131064,-5.702945
131108,-5.702945
131324,-5.702945
131424,-67.93918
131448,-67.93918
131500,-67.93918
131520,-8.443023
131656,-20.017317
131708,-0.849116
131764,-7.55171
131796,-7.55171
132000,-7.55171
132096,-614.90245
132200,-20.189346
132212,-56.857954
132220,-56.857954
132276,-9.673296
132356,-12.68093
132492,-12.68093
132716,-12.68093
132744,-46.62015
132824,-39.025134
133132,-30.263544
133216,-19.298708
133296,-19.298708
133660,-19.298708
133672,-19.298708
133896,-19.298708
133940,-481.362695
134204,-481.362695
134224,-481.362695
134352,-45.565201
134684,-23.392369
134772,-23.392369
134896,-8.517933
134948,-620.393226
135040,9.115504
135288,-26.223231
135368,-26.223231
135500,-26.223231
135616,-26.223231
135652,-67.766262
135796,-98.50896
135824,-98.50896
135836,-1.430738
135868,-61.185527
135948,-61.185527
136004,-4.952639
136032,-4.952639
136112,40.224798
136284,-29.195053
136360,-29.195053
136620,-31.092337
136744,-572.736102
136748,-572.736102
136772,-572.736102
136808,-572.736102
136816,-14.660799
136928,-25.18912
137016,-25.18912
137040,-21.676151
137112,-21.676151
137184,-21.676151
137216,-566.554619
137428,-566.554619
137584,-72.108697
137784,-46.030839
137868,-19.141338
137880,-19.141338
137904,-19.141338
137968,-19.141338
138144,-19.141338
138224,-19.141338
138260,-85.488292
138264,-85.488292
138448,-85.488292
138532,-85.488292
138756,-85.488292
138948,-171.663787
138968,-171.663787
139020,-171.663787
139164,-171.663787
139204,-171.663787
139836,-540.933256
139924,-9.571598
140120,-31.189604
140316,-16.804918
140520,-37.56164
140772,-37.56164
141040,-555.980971
141112,-104.254279
141240,1.679485
141560,-59.435237
141584,-521.151452
141600,-44.546147
141960,-7.921174
142224,-7.921174
142332,-42.975165
142448,-10.678594
142476,-92.130726
142752,-92.130726
142868,-92.130726
142948,-521.047789
143148,-123.42026
143204,-123.42026
143236,-24.399193
143256,-22.975654
143268,-45.517331
143344,-26.310963
143420,-26.310963
143540,-26.310963
143808,-34.39253
143880,-9.671384
143916,-9.671384
143992,-9.671384
144064,-33.240348
144096,-137.739526
144160,-3.077592
144388,-40.563037
144592,-23.665719
144760,-57.225485
144772,-57.225485
144912,28.229303
145012,-30.559688
145088,-7.017271
145240,-7.017271
145328,-9.824581
145560,-498.354083
145596,-59.161269
145704,-59.161269
145776,-20.876742
145912,-69.621117
145932,-45.551887
145992,-11.447256
146056,-18.974931
146284,-34.379848
146332,-0.179371
146420,-7.186992
146484,-3.939766
146752,-3.939766
146784,-117.342465
146800,-35.780452
146868,-35.780452
146888,-5.15947
146928,-5.15947
147004,-5.15947
147064,-29.716371
147108,-29.716371
147124,-1.929334
147152,-36.206934
147176,-36.206934
147272,-37.17244
147344,-516.122508
147444,-27.637982
147596,-37.724421
147836,-63.826828
147988,-22.97559
147992,-22.97559
148056,-48.525018
148068,-15.870637
148120,-15.870637
148144,-15.870637
148172,-15.524322
148204,-15.524322
148324,-15.524322
148368,-15.524322
148392,-15.524322
148520,-15.524322
148672,-15.524322
148680,-107.897991
149380,-107.897991
149432,-85.996923
149452,-85.996923
149704,-85.996923
149864,-85.996923
149912,-516.899973
150016,-516.899973
150148,-88.478405
150188,-88.478405
150216,-3.122448
150424,-3.122448
150452,-45.151132
150548,-136.94038
150684,-20.877987
150748,-6.695634
150836,-53.481193
151028,-53.481193
151040,41.745179
151164,41.745179
151344,-496.324015
151636,-496.324015
151724,-16.531121
151772,-16.531121
152056,-458.760399
152060,-33.452069
152316,-18.606008
152324,-18.606008
152464,-8.855818
152640,11.085499
152672,11.085499
152864,14.106331
153060,-35.485709
153120,-12.680664
153264,-12.680664
153396,-22.848364
153436,-22.848364
153532,2.112468
153592,-15.562732
154016,-15.562732
154144,-15.562732
154204,-15.562732
154264,-71.76527
154512,-13.302103
154764,-13.302103
154836,-461.537482
154848,-46.55408
155072,-14.46363
155092,-5.969801
155236,2.036044
155332,1.786986
155344,-450.355776
155444,-20.755031
155456,-13.819968
155504,-5.131238
155604,-43.705095
155772,-43.705095
155912,-7.180166
156004,23.90736
156056,-418.354991
156324,-418.354991
156396,26.325955
156424,-57.11445
156428,-57.11445
156600,-57.11445
156632,-23.191442
156732,-23.191442
156764,-23.925339
156820,-26.963079
156884,-26.963079
156964,-26.963079
157088,0.057299
157096,-3.176419
157240,24.091587
157252,24.091587
157292,-19.935702
157436,-19.935702
157680,-216.825841
157700,-216.825841
157868,-216.825841
158004,-216.825841
158276,-216.825841
158544,-216.825841
158764,-216.825841
158896,-216.825841
159240,-216.825841
159340,-216.825841
159444,-405.66352
159540,-5.718763
159596,-5.718763
159612,-1.595926
159940,-89.077927
160124,-89.077927
160568,-89.077927
160756,-89.077927
160964,-89.077927
160980,-89.077927
161240,-361.815702
161252,-361.815702
161292,-480.429361
161356,-8.254832
161516,-8.254832
161600,-37.125358
161624,-37.125358
161680,-543.033044
161788,-543.033044
161840,-543.033044
161876,-90.607003
161936,-90.607003
162080,-32.6083
162180,-39.939887
162208,-32.51348
162264,-32.51348
162308,-32.51348
162340,-32.51348
162388,-14.193969
162496,-14.193969
162552,-29.847352
162580,-48.549387
162632,-45.132372
162756,-45.132372
162812,-5.402838
162840,-31.766517
162896,-8.53792
162928,-2.035436
163044,-10.741528
163096,-3.916041
163152,-8.403742
163228,-8.403742
163260,-38.301368
163380,-38.301368
163596,-38.301368
163684,-38.085429
163720,-36.681853
163940,-425.655917
164024,-425.655917
164076,2.393766
164376,2.393766
164584,2.393766
164680,2.393766
164828,-89.513574
164888,5.490189
164912,5.490189
164964,5.490189
165192,5.490189
165232,-58.911382
165244,-58.911382
165360,-58.911382
165412,-6.201897
165572,-6.201897
166048,-50.103249
166308,-50.103249
166396,-17.270587
166436,-17.270587
166600,-33.368654
166720,-33.368654
166928,-412.633956
166980,-412.633956
167000,-9.112374
167008,-28.435366
167144,-28.435366
167256,-24.578333
167336,2.0736
167372,2.0736
167516,2.0736
167524,-28.919589
167620,-28.919589
167628,4.550422
167684,-393.838234
167736,1.235578
167876,-15.533094
168076,-435.118527
168132,-53.705408
168144,11.64086
168192,-9.297765
168260,-16.613542
168332,-0.422689
168476,-0.422689
168536,-91.401001
168620,-36.535613
168680,-36.535613
168820,-36.535613
168864,-9.381925
168892,-51.19823
168908,-16.339831
168912,-16.339831
168948,-8.173896
168964,-13.724455
169008,19.699172
169052,19.699172
169236,19.699172
169248,19.699172
169440,19.699172
169472,-53.537296
169568,-15.984729
169572,-15.984729
169660,-1.283204
169688,-43.509863
169712,-43.509863
169760,-43.509863
169764,-16.366534
169812,-16.366534
169912,-18.937223
169920,-71.200288
170000,-6.923785
170276,-103.099694
170300,-103.099694
170332,-103.099694
170364,-123.760371
170548,-7.237239
170556,-7.237239
170640,2.798601
170728,-12.753002
170780,-12.753002
170808,-18.657193
171028,-18.657193
171336,-440.360967
171392,-63.002465
171472,-28.997393
171544,-26.180815
171700,-15.144918
171740,-15.144918
171872,-15.144918
171896,7.905356
171960,0.348664
172060,0.348664
172120,-2.241816
172188,-2.241816
172208,-84.04786
172564,33.61097
172624,-6.21744
172752,-18.262894
172956,-15.801794
173052,-15.801794
173120,5.007049
173236,5.007049
173576,5.007049
173676,5.007049
173952,5.007049
174548,-462.821177
174640,-411.076185
174728,-35.11971
174756,-32.242557
174780,-32.242557
174880,-18.492444
174940,-18.492444
175340,-18.492444
175420,-111.443873
175556,4.294785
175584,4.294785
175660,-11.829292
175828,-35.149606
175996,-140.759077
176044,-12.27416
176188,-12.27416
176208,-380.876005
176256,-0.439281
176320,-36.376816
176436,-16.28608
176456,-20.304148
176548,-9.335059
176800,-9.335059
176808,-29.645701
176864,-15.411265
176872,-15.411265
176932,-15.411265
177120,-391.585952
177176,-30.457218
177236,-30.457218
177488,-24.616535
177660,6.148266
177744,6.148266
177952,6.148266
178236,-54.78213
178260,-54.78213
178320,-54.78213
178344,-20.07627
178400,-20.07627
178404,-12.105697
178452,-12.105697
178724,-0.698725
178796,-0.698725
178848,-12.607965
178904,-12.607965
179112,-41.507053
179564,20.247102
179584,20.247102
179672,20.247102
179796,20.247102
179828,-415.417588
179860,-415.417588
179876,-10.731683
179996,-10.731683
180168,-51.75617
180192,-51.75617
180260,-51.75617
180332,-7.766564
180396,-2.291122
180464,-2.291122
180504,-24.466138
180528,-112.630134
180636,-112.630134
180648,-112.630134
180864,-310.90794
180892,-310.90794
180932,-310.90794
180952,-13.603557
181032,-13.846134
181044,-13.846134
181092,-62.114198
181256,-15.316399
181412,-37.351923
181460,-37.351923
181488,-331.551296
181532,-331.551296
181580,-331.551296
181624,-3.587097
181652,-15.457275
181784,-15.457275
181892,-27.641508
181916,-16.337228
181988,0.096977
182028,-47.36836
182052,-47.36836
182104,-9.35362
182152,10.532056
182172,-3.112172
182276,13.234829
182296,-22.189194
182316,-22.189194
182452,-22.189194
182536,-46.093336
182584,-5.155737
182752,19.27816
182804,11.898199
182936,-5.986552
182996,-5.986552
183224,-41.988889
183376,-41.988889
183656,-14.573506
183796,-14.573506
184348,-52.252867
184556,-9.102255
185044,-24.398688
185200,6.516851
185312,14.547343
185468,14.547343
185580,14.547343
185652,-305.966812
185764,-305.966812
185844,-29.411196
186036,-57.052916
186124,-14.15187
186180,-14.15187
186284,-14.15187
186296,-337.032575
186352,0.821443
186372,0.821443
186452,0.821443
186752,-328.310374
186844,-23.672211
186892,-10.413652
187196,-6.245649
187204,-97.415878
187280,-19.124205
187388,-6.848736
187428,-10.016624
187472,-6.915253
187656,-14.183423
187796,-14.183423
187900,-131.780275
187908,-26.848147
188404,-81.454326
189020,-24.81295
189280,-0.210071
189312,-247.937592
189764,-247.937592
189848,-151.298835
190120,-70.913237
190372,-70.913237
190452,-70.913237
190496,-15.401809
190520,-15.401809
190564,-52.949732
190660,-52.949732
190736,-4.458031
190988,-4.458031
191028,19.214072
191136,-8.051902
191192,-8.051902
191436,-8.051902
191488,-8.051902
191584,-8.051902
191668,-122.665338
191680,-122.665338
191708,12.097645
191796,12.097645
191808,12.508929
191900,-312.419056
191972,-4.007077
192044,-45.665718
192116,-45.665718
192208,4.767536
192380,20.85314
192976,20.85314
193168,-46.199559
193260,1.379549
193312,-344.558575
193388,-344.558575
193516,-344.558575
193524,11.351447
193580,4.963399
193600,4.963399
193756,-15.110446
193772,-58.96083
194360,-39.323681
194496,-245.059212
194520,-245.059212
194560,-66.247472
194840,-30.557581
195016,-36.153496
195092,-11.440857
195216,9.786238
195396,9.786238
195508,-12.452727
195584,-12.452727
195624,-12.452727
195752,-2.150861
195772,-26.915388
195912,-39.228958
195972,-303.526456
195976,-303.526456
196016,-6.715082
196028,-6.715082
196116,-6.715082
196128,-11.141665
196244,-21.453703
196352,-5.497959
196372,-5.497959
196380,-5.497959
196540,20.002356
196624,-1.357343
196636,-9.284342
196720,-24.398561
196724,-1.964367
196848,-1.964367
196884,-5.83305
196932,20.780951
197088,20.780951
197152,9.463313
197264,9.463313
197280,9.463313
197312,9.463313
197588,9.463313
197608,-35.004546
197892,-35.004546
198040,-59.540464
198052,-59.540464
198292,-59.540464
198396,-59.540464
198560,-311.17309
199192,-47.63836
199396,-47.63836
199972,-28.340795
200016,-241.591456
200064,-6.186423
200216,-27.396712
200232,-45.751939
200424,-45.751939
200512,-45.751939
200932,-326.002083
200948,-33.236389
201096,-25.243971
201264,-25.243971
201296,-18.222382
201436,28.854533
201484,28.854533
201560,-2.365796
201628,12.146189
201684,1.116873
201724,1.116873
201744,3.17051
201996,-31.925023
202032,-5.610251
202040,-239.296835
202052,-239.296835
202156,-10.867688
202236,-28.340578
202384,-22.854744
202396,-22.854744
202612,-77.63036
202668,-22.617744
202708,8.969133
202724,8.969133
202852,-21.384304
202888,-21.384304
203072,-21.384304
203196,-25.731656
203268,-25.731656
203504,-23.472906
203608,-91.669988
203724,-9.344998
203744,-24.036334
203884,-15.792523
204012,-26.073423
204132,-37.886611
204136,-24.864688
204216,-256.619033
204704,-29.2014
205072,-1.882788
205300,-38.691449
205416,-59.875968
205484,-59.875968
205572,-59.875968
205660,-13.062495
205724,-13.062495
205836,-13.062495
205856,-7.043472
205968,-72.923826
205996,-72.923826
206052,-72.923826
206152,-19.052116
206188,-19.052116
206232,-10.559097
206400,-1.943737
206496,6.14222
206596,-30.705817
206612,-212.147876
206684,-212.147876
206780,0.638675
206916,-0.601134
207156,-0.001587
207180,-0.001587
207268,-0.001587
207472,-0.001587
208188,-0.001587
208216,-242.358326
208296,-8.466774
208336,-2.199141
208536,9.849518
208912,-35.435218
210052,-35.435218
210400,-218.7353
210440,-218.7353
210484,-9.098533
210592,-1.295204
210596,-233.987516
210684,-233.987516
210720,21.548182
210768,-8.769314
210880,-6.494622
211084,-6.494622
211156,-232.357482
211180,-232.357482
211296,-7.958963
211780,-7.958963
211852,-7.958963
211968,-7.958963
212056,-7.958963
212188,-7.958963
212240,-7.958963
212356,-7.958963
212528,-7.958963
212564,-7.958963
212684,-7.958963
212836,-7.958963
212904,-7.958963
212912,-296.885076
212972,-296.885076
213072,-296.885076
213160,-296.885076
213364,15.602149
213500,15.602149
213564,15.602149
213648,15.602149
214040,15.602149
214108,15.602149
214256,15.602149
214396,15.602149
214716,15.602149
214720,-264.233009
214796,-2.207329
214880,-179.771968
214936,-17.445183
215104,-17.445183
215296,-266.455989
215392,-10.412142
215456,-10.412142
215476,-10.412142
215656,-20.260361
215660,-20.260361
215708,-5.102199
215716,-5.102199
215900,-5.102199
216004,-1.717845
216284,5.553818
216460,-2.551709
216688,-4.188229
216972,-4.188229
217108,-22.948331
217352,9.210475
217364,-200.317807
217616,-0.514804
217700,-0.514804
218356,-62.522351
218412,-6.11274
218536,4.030205
218796,-204.595596
218896,-43.241241
219064,-43.241241
219104,-43.241241
219188,-29.572388
219344,1.463234
219392,-245.944999
219560,-245.944999
219696,19.182189
219716,19.182189
219772,1.556808
219824,-2.754074
219900,-2.754074
219904,-32.220546
220268,-32.220546
220296,-33.094486
220300,-33.094486
220592,-33.094486
220652,-33.094486
220812,-33.094486
221352,-169.327086
221700,-169.327086
221748,-169.327086
221872,-66.343278
222120,-66.343278
222140,-5.037535
222348,-15.332507
222424,-4.25482
222796,-119.46123
222928,-119.46123
223048,24.28999
223064,24.28999
223204,9.413586
223260,9.413586
223716,9.413586
223780,-12.27874
223824,-195.205686
223884,-11.49128
223896,-11.49128
223952,-5.516442
224056,-5.516442
224296,-189.190777
224372,-189.190777
224860,-93.195499
225116,12.989646
225472,-28.583778
225584,-28.583778
225700,-28.583778
225832,-28.583778
225892,-28.583778
226424,-221.046181
226476,-221.046181
226892,21.361241
227160,5.847158
227220,-103.62534
227464,9.946288
227592,-27.072466
227716,-27.072466
227776,-27.072466
227952,-140.966219
228048,-7.094636
228056,-7.094636
228124,-2.090199
228136,-29.122598
228296,-155.940453
228428,-10.573327
228600,-10.573327
228624,-16.395375
228940,-13.539526
228956,-16.257749
229012,-16.257749
229068,-62.115602
229132,-49.23389
229136,-7.937503
229144,-7.937503
229180,-7.937503
229204,3.219696
229356,-21.293895
229524,19.710819
229692,-6.328752
229788,-40.70158
229892,-40.70158
230028,-28.72822
230164,-24.916461
230220,4.507838
230324,-13.470989
230344,-14.158953
230476,-14.158953
230504,-16.218699
230676,-16.218699
230744,-7.406843
230764,25.990313
230932,-3.769141
230944,13.783989
231108,-7.044473
231308,-12.266601
231480,7.354689
231580,51.842393
231588,51.842393
231596,18.701903
231780,-11.732589
231868,1.254551
231956,18.797974
232024,-14.341591
232104,6.158433
232116,-17.094276
232216,3.296921
232344,-15.290063
232356,6.021821
232520,-36.887917
232632,15.979808
232700,-3.102457
232708,33.99288
232808,8.291937
232816,-2.421159
232828,-2.421159
233068,-150.589205
233116,-2.035093
233144,-2.035093
233180,-2.035093
233196,28.468865
233264,28.468865
233468,-54.822019
233508,-54.822019
233548,-11.705438
233560,-11.705438
233628,-11.705438
233632,5.336356
233712,-1.093626
233840,0.362364
233896,3.069989
233964,63.321498
234008,-6.536459
234104,-13.220044
234172,-11.720057
234220,2.614554
234380,3.493267
234452,-0.530101
234472,2.593932
234640,-2.676003
234728,0.183599
234736,9.13615
234752,-39.800267
234836,0.572159
234840,-12.870091
234892,3.309073
234956,3.309073
234980,14.491427
235144,-37.095048
235168,-15.497879
235220,-15.497879
235240,-15.497879
235368,25.126885
235392,25.126885
235588,25.126885
235624,25.126885
235656,-37.599676
235696,-37.599676
235920,-37.599676
235932,24.09334
236040,24.09334
236160,12.154296
236232,12.154296
236332,-3.174261
236372,-3.174261
236584,-40.660163
236684,-40.660163
237144,-40.660163
237336,-40.660163
238008,-103.472402
238384,-41.507751
238556,-14.640396
238896,-6.845742
238980,-135.113735
239300,-19.040698
239368,-151.005266
239920,-151.005266
240040,-151.005266
240096,2.824878
240152,-3.438014
240344,-45.212774
240984,22.440377
241096,22.440377
241144,22.440377
241160,1.329706
241336,1.329706
241444,-25.865804
241700,2.480651
242008,-65.607386
242200,-65.607386
242248,4.568463
242356,4.568463
242456,-10.604963
242980,-100.943859
242996,-100.943859
243696,-11.330753
243744,-11.330753
244040,-11.330753
244152,-50.89237
244300,-50.89237
244604,-35.939111
244608,56.005368
244736,56.005368
245020,56.005368
245096,56.005368
245144,56.005368
245168,56.005368
245236,56.005368
245244,56.005368
245392,56.005368
245520,-2.641855
245636,-2.641855
245668,10.573042
245700,-149.021398
245848,-149.021398
245952,-6.161982
246076,-4.168882
246088,-4.168882
246456,-216.202797
246480,6.42146
246524,6.42146
246580,35.297564
246660,35.297564
246764,35.297564
246816,35.297564
246820,12.489674
246852,12.489674
247008,12.489674
247016,16.184635
247064,16.184635
247436,16.184635
247592,16.184635
247604,29.581207
247952,29.581207
248188,-12.191157
248580,-12.191157
248668,-12.191157
248688,47.833226
248972,-37.585455
249032,-7.158913
249144,-7.158913
249236,-21.960883
249644,-21.960883
249788,-71.859503
249904,-71.859503
249952,-80.034394
250088,-80.034394
250152,-80.034394
250184,27.949062
250196,27.949062
250480,-29.093684
250820,-91.304868
250844,22.83132
250848,16.885643
251000,16.885643
251032,-14.907952
251048,-56.501586
251064,-56.501586
251240,11.175945
251284,11.175945
251308,-1.74982
251316,-15.38289
251324,-15.38289
251372,-15.38289
251384,-11.874849
251416,4.72042
251484,-4.772544
251512,-4.772544
251608,12.972907
251644,16.24835
251720,16.24835
251932,18.989226
251944,34.006263
251996,34.006263
252004,34.006263
252072,22.21435
252120,12.225109
252224,-16.796692
252284,-16.796692
252288,9.018299
252536,5.630709
252552,-16.853543
252672,7.219427
252700,7.219427
252920,7.219427
253224,18.156817
253664,18.156817
253808,-7.560219
253860,-49.029813
253904,-49.029813
254016,-49.029813
254076,-49.029813
254104,18.855003
254160,7.180693
254200,0.566772
254304,0.566772
254408,0.566772
254448,0.566772
254480,0.566772
254832,0.566772
255116,0.566772
255196,-101.773605
255200,-101.773605
255424,13.258832
255452,13.258832
255488,13.258832
255560,13.258832
255608,-66.540176
255752,-66.540176
255800,-66.540176
255904,-18.711687
255996,-18.711687
256080,5.714704
256116,5.714704
256160,5.714704
256488,2.953134
256552,-31.236643
256740,-31.236643
256784,-31.236643
256792,20.53564
256988,3.970897
257192,3.970897
257272,3.970897
257276,-7.794211
257404,-7.794211
257592,-7.794211
257868,-7.794211
257988,35.866328
258160,10.200557
258164,10.200557
258700,59.030772
258724,59.030772
258972,-36.702923
259032,-36.702923
259904,-85.499274
260552,-57.905944
260620,-3.771197
260716,11.82179
260996,-20.139165
261176,13.909837
261272,13.909837
261404,13.909837
261592,13.909837
261600,38.883871
261696,2.358203
261904,2.358203
261924,15.292788
262160,19.769812
262348,19.769812
262384,4.630868
262532,22.628096
262592,-3.93046
262632,-3.93046
262712,-3.93046
262916,-3.93046
262972,-37.24831
262980,-37.24831
263032,-37.24831
263080,-37.24831
263128,-25.635646
263148,58.090201
263284,-3.058865
263372,1.947756
263648,17.304618
263836,17.304618
263904,10.937843
263912,10.937843
264024,10.937843
264252,10.937843
264312,10.937843
264360,10.937843
264400,10.937843
264432,10.937843
264464,-13.138549
264468,-13.138549
264652,-13.138549
264716,-3.500164
264792,-7.82424
265484,57.669052
265788,57.669052
265952,57.669052
266160,9.164589
266280,37.358754
266572,11.136789
266752,5.376465
266768,-9.801773
267108,34.396764
267176,-1.002374
267372,33.690506
267688,-3.568018
267844,-19.796235
267980,4.395094
267988,42.603893
268104,9.451082
268108,-0.441775
268352,34.435976
268360,34.435976
268652,34.435976
268792,3.717211
268864,60.227687
268964,-3.803818
269172,13.972356
269224,34.427946
269440,-26.331849
269644,-9.937597
269764,60.07897
269788,60.07897
269796,-15.537749
269908,-15.537749
269952,-15.537749
270220,-43.496155
270420,-3.359255
270540,-13.247039
270688,-13.247039
270948,62.758613
270956,62.758613
271028,62.758613
271208,62.758613
271240,62.758613
271308,62.758613
271332,24.885965
271564,24.885965
271844,6.850074
271956,21.889468
272076,21.889468
272172,12.311807
272572,41.716964
272664,23.287791
272956,4.56973
272972,-112.710479
273016,-112.710479
273056,11.266906
273328,11.266906
273572,64.58282
273632,64.58282
273660,12.59233
273684,12.59233
273788,12.59233
273908,12.59233
273996,12.59233
274132,12.59233
274360,37.139296
274440,9.513203
274540,20.050562
274668,20.050562
274676,-11.646361
274812,-11.646361
274860,-10.435047
274924,-10.435047
275080,-10.435047
275116,-10.435047
275240,-10.435047
275300,-10.435047
275408,-10.435047
275580,9.035562
275588,9.035562
275716,26.869345
275828,6.739862
275956,56.153808
276220,23.271255
276500,-9.640596
276732,53.223936
276932,49.827135
276956,27.181173
277088,16.600913
277424,25.655091
277880,-10.827023
278132,-10.827023
278268,19.839282
278428,19.839282
278444,14.284874
278480,14.284874
278924,14.284874
279152,14.284874
279212,14.284874
279408,14.284874
279476,14.284874
279556,14.284874
279588,14.284874
279716,23.790098
280092,23.790098
280100,21.050653
280308,21.050653
280380,41.650358
280384,41.650358
280424,41.650358
280436,41.650358
280452,9.583149
280932,25.542395
281072,-4.073346
281088,67.360199
281176,5.446269
281236,81.448057
281576,-14.910938
281596,28.323306
281732,46.478313
281840,7.721348
282444,20.142896
282924,20.142896
283556,20.142896
284192,121.373367
284304,121.373367
284424,121.373367
284436,121.373367
284464,121.373367
285108,121.373367
285228,121.373367
285596,10.0767
285704,3.16636
285732,60.311302
285804,60.311302
285808,-1.863531
285840,65.609433
285884,8.854405
286056,17.777617
286080,24.367435
286204,24.367435
286440,10.102236
286624,-20.94002
286716,22.370441
286924,22.370441
286960,-24.637996
287184,-24.637996
287524,-24.637996
287652,0.685708
287856,42.374975
288192,109.956682
288444,-2.935006
288464,-2.935006
288536,24.673479
288708,24.673479
288872,-20.614277
288992,79.867901
289056,79.867901
289108,79.867901
289400,79.867901
289420,12.859689
289760,51.743817
289808,-11.08813
289824,-11.08813
290112,98.764329
290204,98.764329
290296,15.68258
290304,15.68258
290420,0.589029
290484,-4.176428
290588,-2.004102
290720,-2.004102
290740,-9.554881
290860,-9.554881
290872,7.730214
291024,7.730214
291040,26.119808
291076,10.188758
291124,10.188758
291148,10.188758
291204,29.08144
291208,29.08144
291216,-2.93998
291400,20.725938
291420,20.725938
291584,20.725938
291652,20.725938
291772,7.053718
291816,-4.601875
291856,6.618466
291980,6.618466
292192,114.27524
292432,36.569028
292700,36.569028
292964,84.344423
293008,84.344423
293080,84.344423
293300,45.869191
293416,30.49565
293748,-19.795468
294160,16.164904
294340,16.164904
294776,41.252767
295124,41.252767
295248,1.391998
295420,1.391998
295456,1.391998
295592,66.219057
295740,-5.023801
295892,-5.023801
295980,-5.023801
296192,114.210733
296256,114.210733
296432,91.272749
296660,30.902013
296828,34.154147
297036,28.695243
297688,28.695243
297748,49.68449
297872,49.68449
297912,49.68449
297980,-38.966289
298012,-38.966289
298260,74.215937
298512,35.42864
298808,64.583612
298816,64.583612
299580,64.583612
299740,115.10435
299892,-2.252384
299920,-2.252384
299980,-2.252384
300168,-2.252384
300172,15.625205
300372,15.625205
300448,-0.199186
300508,-0.199186
300848,-0.199186
300864,16.722317
301268,-10.090506
301748,74.532463
301768,74.532463
301896,74.532463
301912,74.532463
301980,120.608224
302184,71.380314
302344,71.380314
302500,71.380314
302624,35.131326
302808,27.789729
302964,15.471417
303004,39.058979
303224,10.846105
303288,10.846105
303560,80.341522
303920,80.341522
304080,-41.445665
304152,59.322815
304332,23.529086
304352,23.529086
304372,23.529086
304808,23.529086
304924,63.899117
305196,22.741859
305392,157.866808
305752,21.593769
306324,24.318265
306552,25.42564
306624,117.325312
306708,-48.9068
306716,-48.9068
306940,-16.794347
307424,8.903796
307760,20.96281
307780,39.311157
307920,39.311157
307932,13.311633
308008,13.311633
308056,-4.02019
308080,-4.02019
308252,13.177796
308312,13.177796
308472,13.177796
308808,13.177796
308856,13.177796
308896,101.442122
309072,101.442122
309428,-3.52676
309752,114.113822
309756,-6.401996
310044,-3.697228
310212,77.814708
310312,9.71412
310552,86.739122
310712,66.576393
310716,66.576393
310788,-2.245999
310948,-2.245999
311132,17.129383
311592,99.59479
311728,65.245957
311768,22.896541
311880,1.183987
312080,1.183987
312120,1.183987
312696,1.183987
312856,1.183987
313072,1.183987
313096,1.183987
313148,1.183987
313600,1.183987
313644,107.327592
313744,107.327592
313756,176.616123
314076,176.616123
314188,176.616123
314256,176.616123
314300,41.814649
314492,81.058716
314624,81.058716
314744,38.609247
315048,38.609247
315120,14.286244
315132,169.484801
315156,34.099529
315384,16.66111
315768,161.065804
315912,-0.912828
316360,29.682596
316788,0.612331
317096,0.612331
317560,83.265369
317676,83.265369
317976,27.43533
318076,27.43533
318140,-4.083404
318388,-24.078969
318556,-24.078969
318616,59.355928
318624,59.355928
318680,2.321626
318792,2.321626
319048,2.321626
319120,117.536729
319132,176.937284
319216,176.937284
319228,176.937284
319608,176.937284
319616,176.937284
319856,176.937284
320404,176.937284
320680,176.937284
321136,176.937284
321488,176.937284
321588,85.176864
321668,85.176864
322056,85.176864
322132,2.936442
322220,2.936442
322256,15.995251
322616,164.055965
322680,176.206132
323132,159.29002
323464,123.298459
323608,123.298459
323668,123.298459
323724,37.046397
323868,35.940576
323936,24.541584
324016,24.541584
324072,24.541584
324184,24.541584
324556,24.541584
324828,24.541584
325028,24.541584
325196,85.306196
325472,85.306196
325540,31.794528
325576,31.794528
325616,31.794528
326220,31.794528
326448,31.794528
326616,226.619065
326680,192.457876
326688,-48.511933
326704,-48.511933
326920,21.367712
327132,152.174127
327232,47.07076
327280,13.049897
327352,71.947288
327604,5.285423
327716,5.285423
328128,36.628724
329028,36.628724
329076,36.628724
329172,36.628724
329616,36.628724
329684,36.628724
330024,36.628724
330220,36.628724
330468,36.628724
330512,36.628724
330752,36.628724
331232,208.028254
331352,210.384682
331536,43.66825
331604,179.192255
331884,179.192255
332128,240.652636
332224,14.615997
332332,17.612634
332588,17.612634
332612,46.845117
332744,46.845117
332752,95.271002
332828,-1.159349
332944,5.976433
333140,34.235388
334188,165.500245
334320,165.500245
334468,165.500245
334592,-10.642476
334600,-10.642476
334864,27.787961
334932,27.787961
335352,206.025268
335488,206.025268
335536,234.28516
335684,21.2206
335704,5.409775
335884,5.409775
335920,0.719996
336128,0.719996
336332,60.748992
336420,27.624872
336556,3.091287
336564,3.091287
336912,74.080056
336936,74.080056
337140,214.633798
337144,66.641407
337508,10.847742
337856,10.847742
338016,-10.810037
338136,115.070238
338224,2.63512
338376,14.828498
338384,13.173026
338716,173.381012
338748,173.381012
338836,9.142878
338932,9.142878
338944,9.142878
338992,9.142878
339056,6.313404
339184,1.841766
339536,142.43027
339804,32.685993
339812,99.615336
340128,99.615336
340136,166.991919
340260,12.064813
340288,-0.096895
341476,140.547933
341612,-7.906314
341964,9.92204
342248,20.986614
342748,20.986614
342992,20.986614
343184,309.194513
343272,82.475124
343492,-13.781698
343568,-13.781698
343724,14.134549
343812,14.134549
344128,14.134549
344248,14.134549
344288,240.984283
344560,85.588897
344564,85.588897
344572,85.588897
344592,85.588897
345008,85.588897
345032,45.73986
345072,96.738373
345148,96.738373
345200,3.065653
345292,3.065653
345332,3.065653
345468,37.108976
345476,231.944708
345492,28.056906
345500,28.056906
345516,32.506949
345556,23.039503
345600,6.54546
345768,6.54546
345848,6.54546
345992,19.994168
346064,19.994168
346104,30.948173
346288,30.948173
346328,29.866769
346336,29.866769
346732,29.866769
347736,148.249604
347868,148.249604
348300,148.249604
348560,148.249604
348852,148.249604
349468,261.026013
349556,276.822985
349648,8.85882
349712,126.355314
349788,-3.588714
349848,-3.588714
349992,281.942001
350064,281.942001
350180,23.475285
350256,23.475285
350288,23.475285
350712,23.475285
350756,10.253166
350824,-6.394851
350952,80.87026
351240,80.87026
351540,80.87026
351544,62.50175
351668,10.300304
351784,70.296334
352412,47.933852
352544,47.933852
352660,47.933852
352996,47.933852
353056,47.933852
353556,278.010689
353992,234.487682
354316,234.487682
354424,9.140101
354648,32.082957
354712,32.082957
354992,32.082957
355060,32.082957
355204,64.861827
355232,64.861827
355312,4.023624
355404,18.145117
355668,313.817568
355740,16.539082
355972,28.707654
356064,21.155962
356136,21.155962
356168,3.747554
356412,249.839532
356500,30.710886
356664,30.710886
356712,30.710886
356924,30.710886
357068,30.710886
357320,98.973519
357556,397.014493
357672,397.014493
357744,397.014493
357944,41.720559
358240,41.720559
358284,41.720559
358380,41.720559
358652,41.720559
358828,166.066478
358892,166.066478
358960,315.062112
359060,315.062112
359068,20.377206
359284,20.377206
359344,20.377206
359660,20.377206
360412,179.882087
360488,179.882087
360700,179.882087
360724,163.169135
360904,7.611622
360924,7.611622
361496,67.17266
361544,67.17266
361832,67.17266
361944,397.45943
362028,397.45943
362040,397.45943
362960,390.639767
363208,4.70614
363556,4.70614
363852,38.591775
363924,1.08296
364004,1.08296
364200,1.08296
364344,1.08296
364412,295.192189
364516,295.192189
364544,92.310527
364676,92.310527
364700,92.310527
364736,11.779072
365060,11.779072
365248,11.779072
365304,20.958063
365392,20.958063
365440,20.958063
365496,304.978025
365544,304.978025
365944,246.175894
366016,246.175894
366116,24.222004
366224,67.880388
366292,174.226797
366488,50.3479
366564,1.919397
366848,42.427794
366900,42.427794
366904,109.427072
367092,42.456531
367416,1.768438
367640,1.768438
367644,110.137318
367748,14.617269
367828,5.458301
367908,5.458301
368028,16.07192
368072,-10.268561
368076,31.828321
368120,110.805211
368596,111.810795
368660,93.042254
368788,80.317234
369248,80.317234
369384,82.356601
369440,82.356601
370016,82.356601
371436,130.308667
371708,130.308667
371876,130.308667
371908,130.308667
371924,73.929919
372040,73.929919
372120,373.840702
372232,373.840702
372468,11.591803
372596,335.842554
372760,335.842554
372788,331.059218
372864,331.059218
373028,4.902191
373172,4.902191
373212,37.419349
373248,37.419349
373260,5.797378
373440,5.797378
373448,42.171064
373528,42.171064
373724,-7.558042
373972,191.013376
373976,191.013376
373996,38.177868
374132,13.218565
374148,13.218565
374152,13.218565
374340,25.805031
375104,76.829365
375180,147.399945
375408,157.715518
375732,314.744947
375916,115.292752
375968,115.292752
376124,82.851956
376160,84.518898
376792,21.669883
376892,115.076091
376924,115.076091
377244,35.998817
377528,35.998817
377816,207.357413
377976,207.357413
378148,207.357413
378320,57.878719
378584,-1.424691
378960,-1.424691
379168,-1.424691
379180,304.821594
379308,110.396558
379468,78.813746
379512,145.145103
379736,17.710423
379792,96.226526
379900,14.976042
379940,17.283421
380020,10.044439
380108,10.044439
380204,32.416768
380264,65.541421
380416,65.541421
380652,59.656109
380748,20.337405
380924,20.337405
380944,145.677934
381088,145.677934
381100,68.154606
381112,68.154606
381172,49.04805
381352,49.04805
381992,116.517396
382596,120.696114
383028,120.696114
383128,51.649635
383208,51.649635
383580,77.210105
383700,77.210105
383708,77.210105
384088,77.210105
384208,38.355891
384296,38.355891
384488,47.865435
384652,267.427103
384748,337.126369
384828,337.126369
385020,102.823318
385176,18.537816
385240,29.759259
385348,0.1877
385352,0.1877
385560,68.986995
385620,18.815486
385716,18.815486
385732,33.484301
385780,33.484301
385796,11.856638
385992,254.522985
386500,65.63526
386612,65.63526
387028,65.63526
387700,65.63526
388828,65.63526
388984,65.63526
389176,347.090496
389520,44.601199
389796,399.937169
389944,399.937169
389992,333.93597
390384,333.93597
390500,351.156288
390612,351.156288
390752,0.655412
390788,0.655412
390872,114.514546
390892,114.514546
391028,114.514546
391256,26.366349
391376,109.771155
391980,109.771155
392036,47.630187
392312,29.033681
392448,13.716482
392960,393.896901
393408,64.107402
393796,366.746322
393944,366.746322
394200,45.790771
394384,45.790771
394476,45.790771
394856,45.790771
395028,45.790771
395144,45.790771
395256,308.050673
395772,270.534131
395980,270.534131
395996,270.534131
396264,270.534131
396448,438.858453
396916,438.858453
398200,345.825066
398856,345.825066
399144,345.825066
399256,446.13316
399348,24.469884
399772,338.725434
399980,338.725434
400000,63.240883
400144,41.364914
400448,358.690597
400612,45.297794
400628,45.297794
400760,26.500754
400916,26.500754
400968,296.236046
401636,115.751787
402124,115.751787
402516,115.751787
402584,191.980992
402644,191.980992
402856,191.980992
402968,191.980992
403576,191.980992
403752,151.11387
403980,151.11387
404288,151.11387
404448,338.261581
404612,381.10598
404720,308.94197
404940,135.191579
405492,112.078798
405532,112.078798
405992,112.078798
406784,112.078798
406856,112.078798
406968,112.078798
407060,112.078798
407152,171.826365
407424,171.826365
407732,171.826365
407844,330.770703
407868,330.770703
408032,256.841724
408164,256.841724
408940,471.983178
409252,50.004619
409908,50.004619
410292,97.615107
410380,97.615107
410664,68.081823
410848,22.07854
410856,22.07854
411152,422.47096
411700,133.301683
411732,133.301683
411844,466.14707
412032,404.222593
412164,404.222593
412256,404.222593
412372,404.222593
412476,102.995789
412488,102.995789
413000,102.995789
413360,102.995789
413528,102.995789
413672,102.995789
414040,235.071208
414472,235.071208
414732,235.071208
415152,437.70993
415700,385.729607
416032,341.011118
416256,341.011118
416420,341.011118
416488,341.011118
416632,341.011118
417328,136.302788
417596,206.450879
417904,135.240873
418040,424.102804
418232,29.260036
418244,32.037785
418412,118.4777
418732,118.4777
418800,118.4777
419084,118.4777
419392,118.4777
419476,214.693924
420056,159.116604
420124,69.872835
420232,292.216475
420256,292.216475
420632,292.216475
420700,252.308797
420728,252.308797
420748,131.521606
421992,131.521606
422532,131.521606
422868,131.521606
423084,131.521606
423508,303.171816
423940,303.171816
424056,432.374207
424120,86.760462
424124,374.532441
424256,374.532441
424612,374.532441
424700,472.088445
425048,472.088445
425300,128.758627
425628,126.110702
425688,9.976867
425804,29.477111
425992,29.477111
426248,29.477111
426904,172.806548
427084,172.806548
428004,172.806548
428056,331.632943
428124,474.721779
428256,474.721779
428384,22.558903
428448,46.13001
428528,46.13001
428748,46.13001
428824,75.295842
429048,75.295842
429164,75.295842
429300,431.346466
429380,431.346466
429520,431.346466
430088,431.346466
430904,537.549732
431084,537.549732
431632,40.434345
432448,464.260367
432476,464.260367
432748,464.260367
432820,54.781287
432824,401.754782
433112,401.754782
433300,417.724357
433336,100.629279
433536,53.557593
433968,138.934214
434204,190.243282
434328,190.243282
434396,190.243282
435084,190.243282
435204,146.404621
435632,359.952384
435896,38.6881
436076,38.6881
436292,39.729658
436520,44.518759
436748,44.518759
436760,44.518759
437296,44.518759
437460,44.518759
437508,140.277259
437524,358.676323
437828,56.207627
437908,56.207627
437968,373.872263
438204,397.745403
438304,17.430073
438396,17.430073
438652,45.682779
438688,103.562513
438708,103.562513
438796,103.562513
438936,103.562513
439012,97.031674
439056,211.708755
439200,22.815661
439308,22.815661
439556,22.815661
439772,111.676993
440748,111.676993
441124,111.676993
441524,463.753593
441892,463.753593
441908,463.753593
442280,73.814234
442336,73.814234
442480,73.814234
442688,493.655076
443012,439.314093
443100,70.713903
443308,70.713903
443480,70.713903
443556,70.713903
443644,229.562856
443716,14.970723
443772,448.68714
444196,160.213996
444348,119.274839
444624,119.274839
444700,109.240089
444900,335.882951
445272,95.3343
446068,95.3343
446448,384.149652
446480,384.149652
446848,273.378408
447072,137.034886
447136,137.034886
447212,137.034886
448348,515.092707
448624,515.092707
449272,416.097656
449936,416.097656
450068,416.097656
450212,416.097656
450476,236.217607
450488,236.217607
450588,236.217607
450848,439.080718
451072,417.201943
451212,417.201943
451236,123.983425
451280,150.653588
452472,254.71191
452500,151.981844
452616,14.560007
452624,14.560007
452696,3.082525
453124,-20.528448
453328,284.923946
453412,284.923946
453584,26.664273
453680,114.426097
453856,24.23376
453992,24.23376
454024,109.079168
454588,109.079168
454764,109.079168
455072,483.217091
455100,483.217091
455116,237.49496
455212,237.49496
455292,237.49496
455540,77.651519
455560,71.617157
455820,71.617157
457856,434.180663
458024,513.729715
458512,547.212453
459004,123.379239
459028,170.596172
459084,14.509899
459100,14.509899
459188,32.214692
459212,32.214692
459292,32.214692
459540,539.885606
459820,539.885606
459884,153.304386
459956,153.304386
460124,153.304386
460204,255.035498
460260,255.035498
460508,56.290817
460596,56.290817
460924,56.290817
460968,222.292427
461160,222.292427
462204,222.292427
463540,418.610378
463884,543.527207
463944,102.093701
464044,16.098374
464472,60.022016
464508,465.953787
464596,465.953787
464924,465.953787
464948,52.858759
464968,420.14531
465160,420.14531
465300,420.14531
465336,420.14531
465912,96.375345
466968,174.717045
467672,135.180907
467884,559.762241
467896,39.223179
468156,34.784358
468508,512.565334
468596,512.565334
468968,463.893363
469160,463.893363
469300,463.893363
469336,463.893363
469424,70.161909
469720,85.103161
469868,168.699841
470020,248.747121
470080,47.611435
470328,111.909472
470800,111.909472
470992,85.759757
471344,70.589304
471520,167.118929
471560,187.177259
471584,187.177259
471760,187.177259
471896,607.734504
471936,607.734504
472288,607.734504
473300,607.734504
474352,412.105837
474660,476.428391
474720,70.249204
475520,497.207567
475560,455.410245
475592,134.671215
475704,41.44749
475760,41.44749
475936,41.44749
476144,236.683408
476288,236.683408
476412,236.683408
476672,236.683408
476724,236.683408
476732,63.983109
477300,63.983109
477580,63.983109
477608,63.983109
477680,63.983109
477988,63.983109
478248,253.210229
479560,539.323066
479592,569.651188
479984,569.651188
480660,121.357989
480672,121.357989
480732,503.523572
481144,503.523572
481284,67.801432
481568,18.499397
481588,18.499397
481608,18.499397
481988,18.499397
482176,18.499397
482248,644.90754
482788,644.90754
482952,644.90754
483124,644.90754
483592,512.846435
484084,49.27002
484500,86.651151
484680,386.644208
484732,520.653367
484972,53.866953
485096,428.154195
485436,174.798093
485712,137.952619
485988,137.952619
486788,137.952619
486860,262.146034
486952,262.146034
487124,262.146034
487188,195.789578
487900,195.789578
488228,191.43037
488552,191.43037
488728,191.43037
489016,191.43037
489096,248.745443
489344,15.603788
489436,408.776435
490004,89.156707
490056,146.266252
490144,184.384667
490212,184.384667
490324,43.778532
490368,43.778532
490952,43.778532
491428,43.778532
491900,43.778532
492148,43.778532
492564,436.271901
492692,13.667299
493096,536.925239
493600,536.925239
493680,536.925239
493688,189.287485
493800,189.287485
493868,531.867249
493936,19.845798
494232,42.427181
494324,534.759636
494404,534.759636
495356,157.658797
495412,279.436005
495428,279.436005
495808,127.857457
496148,127.857457
496644,111.616728
496976,111.616728
497096,622.855071
497228,622.855071
497312,622.855071
498232,409.555433
498248,286.059587
498404,286.059587
498716,238.442607
499412,479.959498
499756,141.325108
499780,137.047095
500020,137.047095
500148,137.047095
500944,137.047095
501228,137.047095
501580,137.047095
502232,470.250851
502404,470.250851
503412,599.290969
503532,599.290969
503592,270.416691
503636,270.416691
503756,541.852158
503780,535.089162
504020,535.089162
504136,535.089162
504172,80.622348
504320,179.700782
504364,179.700782
504496,37.795261
504504,37.795261
504564,37.795261
504676,103.235955
505184,165.975156
506012,198.870663
506156,174.5019
506472,174.5019
506556,174.5019
507176,221.036024
507412,587.339232
507544,50.186177
507756,580.533031
508204,201.306435
508224,238.359591
508364,238.359591
508504,238.359591
508564,238.359591
510452,238.359591
510556,238.359591
511544,501.590277
511756,617.792314
511904,617.792314
512072,28.309196
512204,571.914631
512224,492.728472
512440,62.580317
512504,62.580317
512564,62.580317
512600,53.792843
513080,139.128638
513552,139.128638
514556,139.128638
515068,491.571872
515580,491.571872
515804,146.475856
516224,487.299551
516504,487.299551
516564,487.299551
516600,603.400471
516980,69.235773
517080,664.024809
517552,664.024809
517572,664.024809
517620,226.211435
519580,226.211435
520224,575.18679
520504,575.18679
520760,546.889682
520916,522.379266
521080,616.588814
521180,616.588814
521372,616.588814
521552,616.588814
521572,616.588814
521624,133.615775
521888,153.840742
522144,75.354025
522160,62.5097
523736,256.913141
524224,658.432631
524504,658.432631
524892,658.432631
525080,719.524807
525372,719.524807
525480,87.022659
525552,87.022659
525572,87.022659
526036,322.487771
526160,572.089542
526384,572.089542
526688,572.089542
527248,158.430034
527356,419.434939
527796,95.805989
528020,24.704821
528264,42.02282
528412,36.956314
528708,25.830833
529292,25.830833
529372,25.830833
529480,639.735428
529572,639.735428
530064,364.004635
530148,364.004635
530160,710.657463
530688,710.657463
530792,231.084257
530992,118.411851
531068,464.771639
531164,28.115744
532092,28.115744
532592,444.060115
533052,444.060115
533324,155.20019
533572,155.20019
533588,513.387512
533708,24.072243
533792,61.535203
533920,32.447409
534036,43.543895
534148,43.543895
534388,43.543895
534688,43.543895
534792,568.15323
535068,612.667754
535536,612.667754
537224,612.667754
537572,612.667754
537920,560.087053
538036,657.508698
538064,657.508698
538216,466.305068
538376,54.040405
538388,54.040405
538540,19.509769
538604,19.509769
538672,19.284294
539068,574.611441
539208,574.611441
539608,574.611441
539844,131.672171
540732,186.315674
541572,186.315674
541756,160.174312
541920,674.319412
542216,588.595667
542244,61.529263
542396,142.149498
542472,72.547735
542604,72.547735
542748,72.547735
543068,604.364574
543124,604.364574
543208,604.364574
543360,604.364574
543548,284.686604
543584,242.435595
543608,242.435595
543896,72.769893
544072,114.524453
544148,242.991433
544200,242.991433
544656,57.933777
545140,80.56659
545232,241.528816
545508,362.324824
545572,362.324824
545740,362.324824
546276,141.876703
546516,288.379774
546696,42.8625
547208,42.8625
547608,42.8625
547848,177.577214
547896,558.133981
548016,558.133981
548200,558.133981
548284,558.133981
548616,150.89159
549168,571.558015
549744,571.558015
549764,571.558015
549776,131.688655
549976,131.688655
550276,568.1561
550548,125.875052
550884,516.573475
551300,74.169379
552200,74.169379
552284,74.169379
552616,560.856199
553764,560.856199
553976,560.856199
554276,503.263433
554448,403.177592
554548,476.032371
554756,53.416784
555300,569.014756
555804,67.463677
555944,67.463677
556200,67.463677
556252,283.977087
556532,283.977087
556920,283.977087
557764,283.977087
557976,283.977087
558276,595.617896
558548,646.389756
559052,646.389756
559804,804.382421
560252,571.938806
560532,571.938806
561368,571.938806
561976,571.938806
562100,605.959521
562276,577.948908
562384,577.948908
562752,108.518592
563128,108.518592
563148,362.083877
563336,129.087717
563400,129.087717
563804,606.888208
564020,273.382215
564532,273.382215
565544,273.382215
565976,273.382215
566384,273.382215
566856,273.382215
566980,273.382215
567148,593.389501
567320,41.138403
567336,510.742968
567400,510.742968
567804,663.882043
568020,637.765397
568524,637.765397
569432,421.840436
569932,352.509137
569976,352.509137
570156,352.509137
570980,191.032744
571400,191.032744
571804,575.517993
571940,613.640924
572464,613.640924
572524,613.640924
572876,260.000168
572908,161.142654
572956,146.82774
573100,146.82774
573432,630.53062
573572,47.19496
574156,47.19496
574176,228.056525
574464,228.056525
574824,228.056525
575128,409.748568
575484,430.452382
576464,430.452382
576524,430.452382
577572,518.554651
577828,518.554651
578176,859.451765
578464,859.451765
579128,807.313065
579484,658.408787
579612,658.408787
580196,468.794615
580328,36.493515
580464,36.493515
580524,36.493515
580912,36.493515
580992,36.493515
581484,375.709241
582176,632.74019
582464,632.74019
582572,459.237726
582600,459.237726
582848,459.237726
584328,611.432278
584524,611.432278
584912,611.432278
585200,611.432278
585484,559.37808
585664,51.310195
586176,624.124905
586572,575.881425
586600,575.881425
586772,46.281338
586848,46.281338
587724,46.281338
587752,548.339022
588220,274.267453
588300,274.267453
588912,274.267453
589200,274.267453
589244,313.454101
589540,283.942455
589664,698.711042
589684,698.711042
589880,51.155081
589952,408.079275
590052,408.079275
590216,79.013831
590580,176.1523
591080,228.775458
591220,106.562101
591724,106.562101
592300,106.562101
592792,106.562101
593540,763.93428
593684,763.93428
593952,597.702071
594052,597.702071
594212,597.702071
595080,616.704638
595220,584.859156
595724,584.859156
595848,294.590584
596764,334.91388
596792,334.91388
597540,519.36325
597684,519.36325
598212,519.36325
599080,661.426017
599244,661.426017
599724,661.426017
599848,653.508306
600760,653.508306
600764,634.798225
601328,634.798225
601528,634.798225
601540,571.731596
601572,571.731596
602056,571.731596
602212,571.731596
602656,571.731596
602788,161.14277
603080,739.517481
603820,739.517481
603848,591.733235
603896,591.733235
604360,592.39355
604832,110.903481
605328,110.903481
605528,110.903481
606056,110.903481
606788,689.943713
606888,689.943713
607016,689.943713
607080,620.083703
607188,101.735754
607848,491.31113
607988,178.007181
608124,47.273964
608372,626.221115
608600,103.958411
609528,103.958411
609652,103.958411
610056,103.958411
610160,103.958411
610688,103.958411
610888,103.958411
611188,722.283971
611848,588.839977
612192,588.839977
612372,661.025064
612600,762.856494
612732,762.856494
613028,133.100006
613204,473.850098
613840,171.123008
614012,171.123008
614160,171.123008
614272,47.28139
614688,47.28139
615848,708.016229
616192,708.016229
616600,595.429375
617204,913.677475
617504,244.307264
617792,656.570261
617948,261.744882
618012,261.744882
618160,261.744882
618232,145.520287
618336,110.979558
618688,110.979558
618736,153.435903
620192,153.435903
620700,458.698023
620896,458.698023
621096,62.365585
621204,648.834106
621948,681.238317
622012,681.238317
622160,681.238317
622336,518.612185
622688,518.612185
622836,135.93529
622920,135.93529
623320,135.93529
624012,261.14577
624104,261.14577
624380,261.14577
624720,261.14577
624896,261.14577
625096,645.096857
625204,632.138751
625840,157.370411
625948,557.5045
626288,523.249469
627272,376.647636
628104,376.647636
628180,376.647636
628380,376.647636
628720,376.647636
628844,376.647636
629840,756.234955
629948,571.538563
630056,571.538563
630288,694.258181
630500,53.462926
631272,769.506378
631388,257.605543
631444,257.605543
631672,328.040973
631776,13.765781
632104,13.765781
632328,13.765781
632604,175.546962
632844,175.546962
633064,175.546962
633300,175.546962
634428,399.353124
634500,564.548738
635272,693.730733
635444,693.730733
635992,248.184251
636004,151.768491
636104,151.768491
636604,734.429999
636844,734.429999
637300,734.429999
638348,734.429999
638364,278.061643
638428,725.637397
639512,725.637397
639720,682.798655
639736,682.798655
639992,691.431234
640104,691.431234
640224,355.729863
640844,355.729863
641180,179.34343
641300,179.34343
642124,451.538363
642160,212.847522
642364,741.035074
642444,741.035074
642492,444.901944
642896,444.901944
643716,291.190078
643736,291.190078
644104,291.190078
644528,291.190078
644668,393.608721
644844,393.608721
645860,393.608721
646124,726.733219
646424,83.126364
646492,629.458183
646824,74.038161
646896,74.038161
647268,74.038161
647384,248.572465
647556,248.572465
647716,810.710289
647896,76.128375
648104,76.128375
648316,737.656819
649376,346.478301
649544,346.478301
649992,346.478301
650488,296.18182
650824,725.37137
651556,725.37137
651716,886.449795
651804,179.157253
652104,179.157253
652316,765.442302
653544,765.442302
653992,765.442302
654488,655.825773
654660,655.825773
655556,655.825773
655716,701.543806
655744,701.543806
655804,706.961625
656104,706.961625
656316,889.68802
656480,889.68802
656832,222.182819
657992,222.182819
658488,664.635195
658660,664.635195
658880,664.635195
659716,755.120369
659744,755.120369
659840,755.120369
659876,646.01986
660316,711.753758
660480,711.753758
660872,711.753758
661340,225.279575
662288,144.136607
662344,653.54841
662880,653.54841
662976,123.189152
663156,123.189152
663716,702.839589
663840,702.839589
663876,789.701455
664872,789.701455
666344,763.108965
666976,674.614932
667104,731.670276
667156,731.670276
667416,731.670276
667716,794.845816
667840,794.845816
668368,129.700503
668872,129.700503
670344,756.107494
670488,41.454478
670976,706.290035
671104,788.405109
671156,788.405109
671416,788.405109
671840,788.405109
672240,788.405109
672368,765.223011
672560,43.917029
672700,305.890645
672872,305.890645
674324,371.407758
674488,901.895248
674976,711.344258
675156,711.344258
675416,711.344258
675812,277.927598
676124,233.445432
676240,233.445432
676364,86.358206
676560,582.30637
676572,280.742397
676872,280.742397
676944,146.422053
678584,348.114974
678844,348.114974
679156,348.114974
679812,690.339173
680240,690.339173
680560,752.139141
680572,772.706899
680872,772.706899
681012,772.706899
682584,660.563981
682816,660.563981
683156,660.563981
683192,660.563981
683812,719.168323
684080,719.168323
684560,635.560758
684572,937.202314
684872,937.202314
686584,697.242794
687156,697.242794
687192,697.242794
687812,780.061995
687940,661.159965
688080,661.159965
688560,688.056372
688872,688.056372
690104,688.056372
690228,688.056372
690332,688.056372
690412,379.700505
690584,669.27364
691156,669.27364
691812,753.370397
691940,912.793453
692872,912.793453
692896,912.793453
693776,680.679045
693836,14.585575
694052,14.585575
694104,14.585575
694584,667.305921
695028,813.537251
695156,813.537251
695312,813.537251
695556,222.428723
695940,719.02271
696300,719.02271
696896,719.02271
697836,809.199768
698052,809.199768
698644,515.111099
699028,709.130493
699312,709.130493
699648,709.130493
699940,972.803155
700300,972.803155
700896,972.803155
701836,692.809083
702052,692.809083
702144,692.809083
702644,703.157306
703028,611.456706
703088,611.456706
703940,709.62065
704300,709.62065
704500,428.319313
705836,696.657387
706052,696.657387
706144,696.657387
706764,670.868249
707028,717.404862
707088,717.404862
707468,717.404862
707556,98.514767
708500,645.814943
709836,757.248924
710052,757.248924
710144,757.248924
710764,665.433667
711088,665.433667
711468,665.433667
711556,787.858611
712248,579.897846
712260,202.566711
712500,648.163412
714052,648.163412
714144,648.163412
714652,455.124275
714764,724.692921
715088,724.692921
715468,724.692921
715748,229.923325
716248,853.694187
716260,737.477339
718052,737.477339
718144,737.477339
718764,782.704635
719088,782.704635
719468,782.704635
719680,185.690135
719748,717.638017
719800,31.807025
719868,21.176641
720248,780.869396
720260,779.570978
720524,59.941671
721140,59.941671
721520,266.033423
721624,23.163568
721976,540.785593
722144,540.785593
722228,69.559686
723080,69.559686
723088,69.559686
723468,69.559686
723560,287.211509
723800,694.930996
724524,729.376197
724776,278.039983
725140,278.039983
725464,187.231764
725624,800.571687
725940,85.628609
726516,671.786339
727080,671.786339
727088,671.786339
727344,671.786339
727468,671.786339
728416,407.609006
728776,649.861733
729140,649.861733
729464,662.198656
729940,937.560405
729944,416.309216
730228,60.234552
730900,256.43933
731080,256.43933
731344,256.43933
731468,256.43933
732776,754.703597
733140,754.703597
733212,626.619914
734228,732.004202
734376,29.812119
734900,752.381829
735080,752.381829
735344,752.381829
735468,752.381829
735980,328.354772
736156,256.472828
736328,32.502205
736696,115.315979
736748,115.315979
736776,829.692026
737140,829.692026
737212,720.107041
738092,314.474889
738208,266.425105
738820,123.856053
739344,123.856053
739468,123.856053
739980,820.473234
740696,1001.586048
740748,1001.586048
741140,1001.586048
741840,487.408029
742208,830.083022
742820,896.566347
743064,65.274172
743344,65.274172
743468,65.274172
744472,718.424133
744748,718.424133
745140,718.424133
745396,215.47047
745840,804.718465
746208,729.425709
746356,130.916229
746744,133.563694
746920,346.686876
747064,751.953695
747344,751.953695
747468,751.953695
747484,107.267754
748744,404.279071
748748,404.279071
749140,404.279071
749144,434.191077
750016,768.424724
750212,395.615113
750356,741.372402
751344,741.372402
751464,233.041137
751468,233.041137
751768,64.438377
751852,660.081322
752636,159.57036
752748,159.57036
753140,159.57036
753800,450.543721
754008,450.543721
754016,919.137845
754088,20.042446
754212,772.446339
755344,772.446339
755636,301.91116
756636,696.032654
756748,696.032654
757140,696.032654
757632,912.951879
758008,912.951879
758088,837.356124
758228,34.477305
759344,34.477305
759636,1043.295492
759676,474.971931
760384,162.1051
760636,974.791828
760748,974.791828
761140,974.791828
761824,361.478799
762008,361.478799
762228,837.823643
763344,837.823643
763676,965.26656
764096,492.469817
764636,934.160013
764748,934.160013
765140,934.160013
765824,731.999472
765960,355.495284
766008,355.495284
767344,355.495284
767676,920.557421
768096,840.058768
768748,840.058768
769140,840.058768
769824,771.241936
769960,874.830345
770008,874.830345
770576,170.994077
771344,170.994077
771380,525.575246
771676,951.060555
772748,951.060555
772996,346.805843
773140,346.805843
773824,757.494699
774008,757.494699
774204,757.494699
774428,389.293121
774576,792.023427
774816,792.023427
775344,792.023427
775676,712.181242
777140,712.181242
777736,712.181242
777824,749.372854
778204,749.372854
778428,908.519146
778576,845.497727
778816,845.497727
779020,251.82866
779344,251.82866
779676,928.717383
779808,167.867083
781736,167.867083
782204,167.867083
782416,167.867083
782428,838.011868
782576,866.296893
782816,866.296893
783344,866.296893
783676,689.739932
783808,755.970121
786204,755.970121
786416,755.970121
786428,760.562885
786576,868.829775
786816,868.829775
787344,868.829775
787676,710.230132
787808,802.195039
790204,802.195039
790280,599.825114
790416,599.825114
790428,772.864806
790576,880.324757
790816,880.324757
791344,880.324757
791500,880.324757
791808,697.188239
792924,594.808503
794204,594.808503
794280,964.837507
794416,964.837507
794576,992.385913
795344,992.385913
795500,992.385913
795808,940.46391
796260,443.848234
796848,443.848234
796924,923.504023
797176,212.152286
797436,819.774316
798052,819.774316
798416,819.774316
799344,819.774316
799500,819.774316
799816,727.804645
800260,733.506106
801176,925.643484
801436,751.796083
802012,158.391628
802052,158.391628
802416,158.391628
802480,107.303996
802868,616.270991
803344,616.270991
803500,616.270991
804112,440.314631
804260,756.426971
804524,117.219137
805176,767.51379
805704,767.51379
806052,767.51379
806416,767.51379
806456,767.51379
806868,913.610311
806888,618.113493
807344,618.113493
807680,193.819151
807948,264.605488
808260,785.149579
809176,810.72676
810020,810.72676
810052,810.72676
810416,810.72676
810456,810.72676
811680,877.917928
811948,630.991207
812156,55.007074
812260,805.02397
813176,884.823903
813464,884.823903
814020,884.823903
814244,506.986528
814416,506.986528
814456,506.986528
815656,336.517922
815680,957.677574
815868,59.949674
816156,898.452768
816316,34.86471
816400,236.924597
817176,749.851362
817464,749.851362
818020,749.851362
818116,499.479797
818416,499.479797
818456,499.479797
819264,499.479797
820316,1133.404445
820400,895.102255
820716,95.164837
821080,215.929796
821176,850.198891
821464,850.198891
821788,164.286308
821984,53.80572
822020,53.80572
822080,275.463932
822116,838.302096
822456,838.302096
823264,838.302096
824600,838.302096
824716,784.797218
825464,784.797218
825984,806.735778
826080,947.69092
826116,746.362073
826456,746.362073
827264,746.362073
827284,306.478821
827356,683.371384
828600,683.371384
829064,480.315236
829464,480.315236
829700,480.315236
829708,179.180272
830080,816.511466
830116,891.141571
830456,891.141571
831264,891.141571
831356,780.732944
831420,332.909494
832116,332.909494
832564,703.813211
832600,703.813211
833708,888.80766
834456,888.80766
835212,665.22797
835264,665.22797
835356,915.611466
835420,876.268216
836116,876.268216
836436,876.268216
836868,876.268216
837264,776.096216
838456,776.096216
838848,776.096216
838980,776.096216
839212,893.091837
839264,893.091837
839356,752.801517
839420,844.417336
839488,844.417336
840116,844.417336
840424,257.849515
840868,257.849515
841092,183.058975
841264,809.36863
841732,108.433949
842980,108.433949
843356,831.56895
843420,878.664409
843488,878.664409
844116,878.664409
844868,878.664409
845056,878.664409
845092,1131.457762
845732,901.63217
845740,631.927617
846076,81.153661
846980,81.153661
847384,430.403024
847420,795.852427
847488,795.852427
847928,369.454347
848116,369.454347
849056,369.454347
849092,868.204208
849296,58.38889
849812,58.38889
850260,597.514999
850728,397.192763
850980,397.192763
851420,703.279066
851928,875.40718
852116,875.40718
852120,875.40718
853056,875.40718
853812,875.40718
853928,883.207195
854260,924.788447
854892,924.788447
855420,901.18284
855552,28.749825
855560,400.441515
855668,400.441515
855856,58.60618
855928,721.765239
856120,721.765239
856964,721.765239
857804,721.765239
857928,959.47889
858892,959.47889
859552,877.979168
859752,57.550051
859856,663.58816
859928,846.255143
860120,846.255143
860964,846.255143
861216,383.194956
861760,383.194956
861804,383.194956
861928,1160.905875
862052,1160.905875
863752,927.744063
863928,913.360967
864336,435.014196
864792,217.747545
864964,217.747545
865216,785.482342
865248,785.482342
865460,785.482342
865476,209.325194
865804,209.325194
866052,209.325194
866088,333.64957
866792,333.424831
867016,333.424831
867752,912.091526
869216,1196.517867
869460,1196.517867
869804,1196.517867
870052,1196.517867
870088,852.136581
870792,895.530065
871016,895.530065
871752,848.115541
873216,863.643465
873460,863.643465
873804,863.643465
874052,863.643465
874088,1103.917154
874792,873.964757
875016,873.964757
875160,873.964757
875540,873.964757
875752,793.703479
875760,793.703479
876348,135.12443
876444,581.016047
877216,887.523967
878052,887.523967
878552,887.523967
878792,1237.819512
879160,1237.819512
879192,746.558165
879540,746.558165
880288,746.558165
880348,993.614491
881216,818.907815
881896,818.907815
882052,818.907815
882184,471.325762
882468,372.94522
882724,372.94522
882728,372.94522
882792,1006.203828
883140,86.319676
883160,86.319676
883192,822.166467
884348,822.166467
884352,822.166467
884932,769.15734
885896,769.15734
886184,756.151206
886728,756.151206
886912,756.151206
887140,884.005288
887192,785.580642
888348,785.580642
888664,417.479627
888676,417.479627
888932,924.506599
889708,924.506599
889896,924.506599
890184,817.728644
890644,817.728644
890728,817.728644
890912,817.728644
891192,922.177837
891264,532.329994
891500,532.329994
891580,341.807686
891932,341.807686
892664,1045.728806
893060,1045.728806
893308,1045.728806
893360,1045.728806
893624,645.63512
893680,645.63512
894232,796.384106
894244,153.320186
895004,153.320186
895264,1087.664052
895656,101.816884
895692,101.816884
896272,585.039727
896460,1101.111288
896508,265.829186
897204,189.921879
897360,189.921879
897704,189.921879
897940,174.688087
897944,174.688087
898136,174.688087
898232,822.98906
898680,246.942462
898952,738.152738
899004,738.152738
899692,738.152738
900172,431.994603
900272,877.018662
900644,877.018662

