timestep,reward
264,-80.523248
284,-74.168368
292,-95.343357
328,-11.676802
344,-14.132871
360,-33.911612
544,-64.62587
660,-33.332882
740,-28.23575
1000,-92.60744
1360,-124.324987
4004,-1171.36813
4080,-22.961255
4168,-16.252891
4320,-65.450779
4328,-1087.204253
4360,-1033.854217
4480,-63.701555
4600,-40.239145
4672,-29.696546
4704,-93.213641
5032,-69.054152
5360,-1056.936481
5380,-133.196601
5568,-41.507436
5576,-66.350568
5676,-42.048554
5772,-51.602625
5952,-89.137744
6140,-99.925883
6188,-62.617967
6400,-42.19252
6624,-83.934395
8480,-1061.853113
8568,-13.104967
8584,-13.104967
8672,-1122.881008
8840,-1122.881008
9020,-1122.881008
9076,-1122.881008
9132,-1122.881008
9788,-1122.881008
10140,-1047.077336
10160,-1047.077336
10228,2.994529
10288,-21.067786
10356,-16.872966
10360,-16.872966
10372,-16.872966
10432,-16.872966
10480,-16.872966
10588,-16.872966
10624,-1073.760714
10668,-12.859316
11052,-107.139395
11136,-107.139395
11224,-33.257673
11312,-33.257673
11444,-44.817185
11536,-44.817185
11636,-101.225975
11736,-101.225975
11792,-101.225975
12024,-123.278722
12568,-1089.050088
12672,-1076.336691
12684,-27.286017
12856,-27.286017
12880,-83.428028
12928,-83.428028
12944,-70.014323
13060,-70.014323
13312,-41.521905
13528,-41.521905
13608,-168.425264
13692,-72.527028
13768,-72.527028
14356,-987.480854
14480,-987.480854
14616,-987.480854
14624,-987.480854
14668,-987.480854
14736,-987.480854
14820,-136.105483
14900,-16.960856
14908,-16.960856
14956,-32.128253
15036,-25.631656
15372,-25.631656
15792,-25.631656
15816,-25.631656
15820,-25.631656
16024,-969.855134
16028,-969.855134
16064,-969.855134
16096,-8.434961
16116,-8.434961
16144,-8.434961
16392,-48.564925
16692,-48.564925
16996,-136.769768
17052,-136.769768
17132,-136.769768
17312,-136.769768
17376,-70.245836
17584,-70.245836
17608,-1056.998541
17644,-1056.998541
17692,-1006.839405
17768,-1006.839405
17776,-1006.839405
17824,-158.122701
17900,-66.566605
17948,-32.648202
18004,-32.648202
18028,-45.910825
18108,-72.492993
18252,-61.965986
18256,-61.965986
18372,-61.965986
18376,-96.076824
18380,-19.684391
18428,-19.684391
18520,-50.197686
18524,-50.197686
18548,-141.878052
18572,-16.121687
18812,-16.121687
18880,-53.162802
18960,-16.841652
18996,-109.993432
19036,-1018.337876
19052,-148.070684
19160,-39.362409
19336,-73.794026
19420,-28.842904
19428,-114.699046
19548,-36.316787
19608,-36.030333
19780,-36.030333
19792,-36.030333
19892,-89.614763
20012,-89.614763
20064,-89.614763
20100,-33.634673
20352,-33.634673
20484,-33.634673
20556,-114.942958
20604,-21.693248
20684,-17.387043
20856,-35.742547
20872,-35.742547
20936,-35.742547
21280,-35.742547
21328,-35.742547
21676,-35.742547
21848,-35.742547
21884,-35.742547
22144,-35.742547
22256,-35.742547
22272,-35.742547
22392,-35.742547
22484,-35.742547
22512,-35.742547
22552,-35.742547
22608,-35.742547
22616,-35.742547
22628,-35.742547
22676,-35.742547
22860,-35.742547
22888,-35.742547
22960,-959.108246
23008,-959.108246
23036,-959.108246
23096,-959.108246
23132,-61.209177
23160,-994.09231
23288,-21.13496
23328,-15.660702
23388,-15.660702
23428,-11.735655
23444,-75.699078
23456,-75.699078
23492,-75.699078
23496,-75.699078
23548,-941.588887
23628,-64.159259
23744,-58.425458
23752,-31.758659
23756,-70.537036
23764,-70.537036
23780,-70.537036
23824,-70.537036
23936,-70.537036
23956,-70.537036
24044,-37.101706
24056,-37.101706
24156,-20.369936
24192,-135.429217
24244,-20.026777
24268,-20.026777
24380,-34.098559
24412,-34.098559
24464,-34.098559
24472,-10.551566
24492,-80.513632
24592,-80.513632
24648,-80.513632
24664,-50.680454
24688,-54.774404
24696,-54.774404
24816,-278.222285
24856,-963.354044
24972,-83.840995
24976,-27.169253
25012,-56.91993
25092,21.859148
25108,-46.592266
25128,-93.643766
25340,-91.76137
25348,-110.41062
25420,-8.315667
25516,-8.315667
25804,-89.532256
25844,-89.532256
25876,-25.112578
25972,-20.682927
25984,-20.682927
26024,-20.682927
26132,-20.682927
26188,-29.11825
26348,-52.455404
26752,-52.455404
27024,-126.100581
27036,-126.100581
27152,-126.100581
27240,-126.100581
27612,-126.100581
27780,-126.100581
27820,-197.605046
28024,-197.605046
28056,-197.605046
28168,-197.605046
28256,-197.605046
28408,-117.665604
28428,-117.665604
28580,-80.440192
28644,-18.104187
28692,-10.519697
28844,-47.675102
28968,-23.797019
29092,-1027.049329
29108,-968.902566
29192,-14.89629
29340,-1038.694813
29700,-201.385854
29876,-47.671971
30140,-38.598601
30752,-38.598601
30884,-38.598601
31168,-38.598601
31612,-38.598601
32256,-38.598601
32428,-38.598601
32556,-38.598601
32872,-38.598601
32944,-38.598601
33092,-1010.898584
33192,-952.929336
33244,-952.929336
33340,-986.867441
33376,-55.213068
33396,-55.213068
33584,-66.6921
33704,-66.6921
33752,-77.645946
33932,-77.645946
34140,-970.6528
34400,-47.3524
34464,-191.931955
34556,-23.028294
34644,-37.974083
34680,-18.703526
34724,-24.483915
35136,-101.556437
35168,-101.556437
35200,-71.377671
35244,-71.377671
35276,-71.377671
35336,-2.557583
35484,-106.803863
35492,-106.803863
35556,-77.639634
35612,-77.639634
35664,-22.442914
35924,-22.442914
36024,-100.217403
36032,-100.217403
36104,-100.217403
36200,-100.217403
36292,-60.951049
36360,-30.707545
36388,-30.707545
36432,-30.707545
36556,-30.707545
36560,-40.437011
36616,-40.437011
36628,-17.159286
36744,-17.159286
36964,-17.159286
37092,-902.464479
37176,-164.323901
37208,-164.323901
37276,-19.210859
37372,-10.108183
37472,-10.108183
37488,-127.508676
37524,-18.209182
37620,-55.062965
37696,-55.458471
37752,-959.35406
37780,-959.35406
37824,-959.35406
37852,-17.774303
38052,-64.199189
38060,-99.963349
38068,-74.605995
38112,-74.605995
38144,-18.79406
38392,-18.79406
38824,-18.79406
39276,-18.79406
39500,-18.79406
39616,-18.79406
39664,-934.566452
39708,-8.194811
39748,-10.525423
39804,-10.525423
39952,-29.649567
40024,-29.649567
40068,-29.649567
40200,-29.649567
40276,-29.649567
40388,-29.649567
40500,-29.649567
40600,-29.649567
40684,-29.649567
40696,-29.649567
40744,-29.649567
40860,-29.649567
40880,-29.649567
41144,-29.649567
41204,-29.649567
41212,-29.649567
41332,-29.649567
41408,-29.649567
41500,-29.649567
41544,-29.649567
41556,-29.649567
41836,-29.649567
42052,-936.65443
42060,-970.040288
42064,-970.040288
42140,-9.649364
42144,-898.872982
42148,-47.306668
42188,-47.306668
42220,-47.306668
42276,-47.306668
42324,-35.613797
42344,-31.552625
42416,-10.573572
42420,-10.573572
42480,-30.064774
42496,-30.064774
42552,-30.064774
42624,-56.240468
42744,-82.044651
42748,-35.362358
42760,-53.370003
42824,-53.370003
42828,-28.112757
42852,-28.112757
42868,-9.485717
42880,-43.217382
42940,-43.217382
42960,-43.217382
42964,-43.217382
43036,-43.217382
43048,-21.170861
43168,-21.170861
43232,-31.857164
43252,-59.014555
43264,-59.014555
43356,-24.327552
43360,-24.327552
43364,-24.327552
43396,-24.327552
43464,-23.862159
43492,-23.862159
43528,-24.147627
43600,-13.730281
43640,-13.730281
43676,-6.14323
43800,-6.14323
43812,-43.03711
43884,-146.706373
43936,-53.52333
43952,-936.139146
43988,-936.139146
44240,-88.444519
44392,-88.444519
44584,-88.444519
44764,-88.444519
44800,-92.18292
44924,-30.187212
44932,-30.187212
45024,-30.187212
45088,-66.900927
45344,-66.900927
45400,-66.900927
45440,-66.900927
45584,-151.378207
45640,-151.378207
45792,-37.294965
46244,-135.38847
46688,-135.38847
46748,-868.737734
47168,-868.737734
47248,-868.737734
47308,-868.737734
47344,-868.737734
47396,-868.737734
47588,-868.737734
47672,-868.737734
47776,-868.737734
47800,-868.737734
47812,-868.737734
47936,-878.511126
47948,-878.511126
47952,-859.077119
48032,-14.520399
48228,-14.099422
48260,-14.099422
48292,-60.621805
48352,-60.621805
48408,-67.425516
48476,-67.425516
48512,-34.418513
48516,-34.418513
48712,-34.418513
48800,-101.735163
48852,-101.735163
48884,-10.501617
48896,-130.696408
49068,-41.241337
49176,-52.635256
49520,-108.747081
49608,-32.917254
49684,-6.341421
49760,-4.170765
49768,-157.073198
49808,-2.76292
49892,-20.948121
50124,-81.92063
50128,-79.005276
50244,-835.62379
50256,6.007474
50424,-47.070481
50496,-25.977511
50624,-59.310222
50632,-38.130026
50720,-132.005053
50728,-44.821328
50748,-874.375046
50836,-24.605766
50992,-28.235467
51216,-43.278103
51628,-68.675673
51776,-68.675673
51820,-39.176443
51860,-5.201077
51904,-5.201077
52072,-57.510956
52144,-57.510956
52288,-83.174046
52460,-58.595692
52476,-58.595692
52716,-67.626263
52852,-67.626263
52872,-46.538482
52876,-46.538482
52884,-46.538482
53100,-46.538482
53224,-46.538482
53236,-46.538482
53484,-46.538482
53496,-46.538482
53640,-46.538482
53728,-46.538482
53800,-46.538482
54052,-46.538482
54116,-46.538482
54240,-46.538482
54428,-46.538482
54476,-46.538482
54600,-46.538482
54632,-870.796444
54696,-870.796444
54700,-5.235136
54720,-807.162117
54748,-892.783209
54800,-892.783209
54816,-892.783209
54892,-46.013144
54924,23.195493
54944,23.195493
54960,23.195493
54964,-17.116469
55012,-17.116469
55020,-5.064261
55092,-75.004124
55140,-27.461974
55176,-27.461974
55256,-31.020618
55276,-31.020618
55404,-31.020618
55476,-31.020618
55556,-31.020618
55560,-37.471014
55584,-37.471014
55640,-37.471014
55660,-37.471014
55688,-70.868388
55692,-44.879735
55764,-44.879735
55820,-44.879735
55880,-60.125605
55896,-60.125605
56016,-49.504432
56040,-49.504432
56144,-49.504432
56176,-49.504432
56192,-30.012644
56288,-30.012644
56300,-22.501125
56320,-22.501125
56368,-22.501125
56388,-171.310936
56520,-171.310936
56528,-171.310936
56592,-171.310936
56616,-171.310936
56624,-56.806412
56732,-56.806412
56852,-56.806412
56872,-869.594877
57004,-869.594877
57028,-35.153345
57224,-35.153345
57252,-164.288881
57280,-196.218056
57420,-15.555039
57424,-15.555039
57512,-15.555039
57580,-15.555039
57596,-15.555039
57620,-17.653813
57632,-17.653813
57776,-50.977062
57860,-6.984163
57880,-28.366118
57884,-28.366118
58100,-55.229676
58268,-101.88034
58588,-83.473315
58676,-31.546243
58772,-35.594572
58912,-272.775097
58924,-899.041706
59008,-12.26502
59020,-26.50718
59028,-53.00876
59316,35.106953
59408,-36.208838
59520,-113.627961
59596,-43.785586
59864,-53.344502
59896,-53.344502
59944,-197.6906
60016,-197.6906
60224,-118.98641
60312,-10.399978
60376,-80.787852
60404,-80.787852
60416,-7.833562
60600,-24.729489
60616,-24.729489
60668,-59.009777
60696,-342.592067
60732,-342.592067
60780,-342.592067
60888,-342.592067
60892,-342.592067
60920,-76.524995
61004,-8.743632
61032,-105.220847
61076,-105.220847
61080,-22.719131
61280,-814.242497
61312,-104.589986
61368,-104.589986
61396,-13.087923
61664,-13.087923
61776,-13.087923
61820,-206.208711
61840,-206.208711
61860,-116.315513
61876,-116.315513
61884,-116.315513
61916,-116.315513
61948,-30.547701
62004,7.317699
62056,7.317699
62068,-177.674634
62156,-38.798043
62188,-17.08943
62216,-17.08943
62240,-51.246129
62356,-31.433888
62380,-31.433888
62400,-10.654458
62452,-10.654458
62520,-11.686256
62524,-11.686256
62592,-11.686256
62616,-11.686256
62712,-11.686256
62828,-11.686256
62960,-11.686256
63000,-109.725461
63032,-109.725461
63044,-109.725461
63084,-114.203664
63132,-114.203664
63200,-114.203664
63336,-114.203664
63452,-32.807088
63524,-157.760478
63588,-47.249332
63800,-50.423247
64024,-60.706631
64164,-4.039955
64232,-185.771979
64288,-24.429543
64404,-24.530606
64576,-34.84839
64640,0.669603
64692,-12.447378
64696,-854.570178
64876,-17.107556
64940,-61.445941
65076,-61.445941
65120,-130.452001
65508,-130.452001
65808,-100.068673
65884,-100.068673
66004,-68.10548
66176,-42.150886
66276,-42.150886
66360,-96.652569
66444,-70.17784
66452,-36.428353
66580,-24.588949
66648,-24.588949
66688,-49.236398
66868,-20.603704
66932,-20.603704
67036,-1.527491
67068,-1.527491
67132,-1.527491
67204,-1.527491
67336,-1.527491
67512,-1.527491
67688,-1.527491
67860,-1.527491
68280,-1.527491
68552,-1.527491
68876,-771.520832
68940,-772.373448
69232,-68.051339
69296,-68.051339
69300,-12.578953
69456,-39.468013
69644,-39.468013
70328,-649.957943
70580,-749.266913
70588,-69.955152
70648,-69.955152
70664,-20.414594
70848,-47.236158
70976,-47.236158
70988,-42.901882
71008,-77.12551
71120,-45.596523
71148,-45.596523
71204,-45.596523
71248,-45.596523
71296,-27.988565
71356,-27.988565
71648,-27.988565
71688,-62.383387
71860,-62.383387
71908,-38.221069
71932,-38.221069
71992,-38.221069
72536,-38.221069
72692,-226.093117
72876,-825.849739
72920,-14.572031
72964,-57.679291
72988,-57.679291
72996,-57.679291
73136,-5.711794
73172,-59.625138
73332,-59.625138
73448,-39.794772
73456,-865.148851
73616,-21.791141
73644,-21.791141
73700,-21.791141
73732,-90.0934
73772,-90.0934
73824,-90.0934
73872,-112.107697
73988,-38.135448
73996,-38.135448
74276,-38.135448
74364,-96.601022
74384,-96.601022
74440,-96.601022
74532,-96.601022
74664,-57.364567
74796,1.963101
74856,1.963101
75008,-801.555727
75340,-801.555727
75604,-801.555727
75684,-130.475297
75776,-130.475297
75860,-130.475297
75992,-130.475297
76068,-130.475297
76220,-130.475297
76272,-130.475297
76512,-130.475297
76580,-130.475297
76668,-130.475297
76740,-130.475297
76904,-130.475297
76928,-130.475297
76996,-130.475297
77040,-130.475297
77316,-130.475297
77440,-130.475297
77616,-843.662882
77680,-843.662882
77732,-770.812802
77768,-770.812802
77832,-770.812802
77900,-770.812802
77968,-770.812802
78084,-770.812802
78192,-770.812802
78208,-770.812802
78276,-770.812802
78296,-94.055571
78320,-94.055571
78356,-9.468044
78476,-9.468044
78668,-112.686263
78712,-112.686263
78796,-784.734812
78832,-20.028806
78860,-20.028806
78864,-20.028806
78972,-20.028806
78980,-20.028806
79072,-20.028806
79272,-20.028806
79444,-20.028806
79612,-20.028806
79684,-801.674539
79732,-801.674539
79740,-801.674539
79932,-93.432335
79992,-93.432335
80064,-23.679177
80080,-23.679177
80268,-55.20649
80284,-55.20649
80344,-55.20649
80476,-46.513061
80500,-46.513061
80680,-37.201381
80748,-37.201381
80900,-37.201381
81128,-37.201381
81360,-37.201381
81732,-795.224881
81856,-795.224881
81872,-201.537131
81884,-37.193686
81944,-12.67338
82008,-17.952425
82712,-17.952425
82796,-752.474609
82832,-836.191203
82852,-836.191203
82912,-836.191203
82992,-836.191203
83072,-836.191203
83160,-836.191203
83300,-836.191203
83472,-836.191203
83696,-836.191203
83740,-836.191203
83820,-836.191203
83912,-836.191203
83992,-836.191203
84028,-836.191203
84068,-836.191203
84116,-836.191203
84208,-836.191203
84248,-836.191203
84484,-836.191203
84516,-836.191203
84556,-836.191203
84696,-836.191203
84740,-836.191203
84888,-836.191203
84936,-836.191203
85024,-836.191203
85128,-836.191203
85172,-836.191203
85204,-836.191203
85276,-836.191203
85332,-836.191203
85684,-836.191203
85944,-767.450793
86008,-780.600543
86036,-10.649957
86096,-2.671362
86252,-29.106663
86292,-29.106663
86356,-15.168404
86536,-15.168404
86644,-19.371949
86708,-19.371949
86796,-758.975072
86832,-701.668442
86868,-701.668442
86888,-19.600499
86972,-19.600499
86984,-31.456833
87004,-56.955172
87060,-5.829039
87068,-5.829039
87204,-42.439457
87292,-14.609303
87300,-14.609303
87372,-18.841197
87396,-69.965048
87444,-69.965048
87520,-69.965048
87544,-32.867892
87668,-66.749095
88112,-58.349202
88304,-107.51247
89124,-74.001395
89332,-74.001395
89392,-74.001395
89528,-74.001395
90008,-726.190235
90084,-726.190235
90256,-726.190235
90292,-726.190235
90400,-726.190235
90436,-726.190235
90552,-151.876624
90684,-23.899054
90736,-23.899054
90892,-66.493907
91444,-66.493907
91520,-141.128809
91544,-736.252661
91736,-29.531582
91952,-29.531582
91956,-29.531582
92060,-50.736248
92068,-50.736248
92112,-658.546896
92140,-73.7918
92232,-73.7918
92296,-51.713606
92488,-51.713606
92548,-51.713606
92640,-51.713606
92684,-51.713606
92848,-51.713606
92984,-132.778106
92988,-161.088995
93036,-161.088995
93108,-4.269649
93124,-695.556024
93172,1.147808
93232,1.147808
93416,-83.481888
93464,-62.137829
93528,-62.137829
93536,-18.142214
93832,-43.769475
93996,-43.769475
94056,-43.769475
94352,-43.769475
94436,-43.769475
94600,-43.769475
94668,-43.769475
94736,-43.769475
94896,-43.769475
94992,-43.769475
95180,-43.769475
95588,-43.769475
95604,-43.769475
95860,-43.769475
95936,-43.769475
96104,-43.769475
96112,-612.252308
96188,-612.252308
96396,-612.252308
96424,-62.397436
96696,-62.397436
96700,-20.569368
96824,-20.569368
96884,-20.569368
96948,-87.837308
97008,-87.837308
97172,-712.863724
97336,-56.222094
97388,-56.222094
97464,-681.459733
97528,-681.459733
97608,-51.207338
97628,-20.224648
97664,-20.224648
97756,-17.846578
97832,-691.996447
97868,-691.996447
97940,11.878897
98152,-69.143644
98196,2.294308
98308,-21.772942
98352,-21.772942
98532,-21.772942
98608,-21.772942
99080,-21.772942
99188,-21.772942
99464,-21.772942
100220,-21.772942
100480,-21.772942
100576,-21.772942
100712,-21.772942
100948,-607.952816
101008,-607.952816
101032,-607.952816
101044,-29.402122
101176,-29.402122
101268,-29.402122
101308,-71.519942
101388,-71.519942
101464,-26.477283
101484,-26.477283
101548,-26.477283
101640,-6.045763
101652,-6.045763
101704,-6.045763
101720,-6.045763
101756,-689.680173
101864,-689.680173
101868,-689.680173
102004,-42.560284
102020,-42.560284
102080,-42.560284
102196,-595.263507
102228,-595.263507
102308,-646.88098
102420,-646.88098
102428,-167.377245
102576,-17.82194
102676,-14.614852
102716,-14.614852
102720,-50.361235
102788,-50.361235
103072,-50.361235
103100,-50.361235
103172,-50.361235
103176,-104.906116
103324,-1.747093
103360,-1.747093
103468,-22.232145
103512,-22.232145
103680,-263.124168
104228,-263.124168
104704,-263.124168
104924,-263.124168
105520,-263.124168
105720,-263.124168
105728,-263.124168
105780,-263.124168
105856,-263.124168
105876,-263.124168
105940,-263.124168
106004,-708.880977
106196,-598.18116
106324,-95.155571
106636,-74.982727
106648,-20.513873
106852,-24.795037
106944,-9.90268
107072,-9.90268
107124,-9.90268
107172,-9.90268
107264,-9.90268
107408,-9.90268
107416,-9.90268
107428,-9.90268
107468,-686.398241
107496,-686.398241
107548,-686.398241
107576,-686.398241
107616,-686.398241
107680,-616.128443
107740,-616.128443
108092,-88.439038
108488,-46.696046
108788,-46.696046
108984,-53.147342
109148,-53.147342
109220,-53.147342
109292,-53.147342
109420,-53.147342
109548,-53.147342
109876,-53.147342
109952,-53.147342
110084,-53.147342
110128,-53.147342
110424,-53.147342
110468,-53.147342
110520,-53.147342
110636,-524.903595
110648,-524.903595
110740,-524.903595
110748,-2.673574
110768,-2.673574
110820,-2.690791
110944,-556.3738
111060,-556.3738
111244,-556.3738
111356,-46.746242
111368,-46.746242
111380,-46.746242
111456,-46.746242
111468,-609.923165
111520,-44.470187
111548,-44.470187
111608,-44.470187
111740,-44.470187
111832,-44.470187
111872,-44.470187
111928,-44.470187
111976,-44.470187
112008,-44.470187
112088,-44.470187
112132,-44.470187
112188,-75.318524
112280,-10.474966
112296,-10.474966
112300,-10.474966
112320,-10.474966
112412,-10.474966
112476,-26.529421
112500,-26.529421
112508,-26.529421
112540,-19.491491
112708,-19.491491
112732,-30.599864
112848,-30.599864
112984,-584.414211
113044,-584.414211
113056,-81.360466
113080,-9.65213
113108,-9.65213
113164,-9.65213
113204,-16.774165
113276,-16.774165
113360,-16.774165
113632,-16.774165
113872,-75.811915
113932,-1.55908
114012,-1.55908
114040,-5.483931
114148,-26.280111
114260,-114.793922
114284,-24.847077
114484,-46.63231
114664,-46.63231
114900,-31.353246
114932,-31.353246
114944,-675.709285
115100,-675.709285
115112,-108.155197
115184,-46.776683
115280,7.146534
115356,-4.170475
115368,-36.879492
115404,-36.879492
115520,-598.977084
115548,-23.032335
115656,0.811251
115720,-10.199344
115776,-74.540659
115780,-84.362888
115820,-84.362888
115860,3.947814
115872,5.965033
116012,-39.064259
116080,-25.928746
116196,-8.251854
116364,-77.355732
116404,14.676996
116412,14.676996
116516,14.676996
116668,14.676996
116708,14.676996
116740,14.676996
116756,-130.445008
116824,-130.445008
116960,-130.445008
117008,-130.445008
117128,-112.891099
117168,-112.891099
117268,-112.891099
117276,-112.891099
117308,-112.891099
117328,-112.891099
117392,-112.891099
117476,-55.684608
117480,-55.684608
117532,0.347898
117584,0.347898
117776,0.347898
118260,0.347898
118376,0.347898
118584,0.347898
118628,0.347898
118724,0.347898
118876,0.347898
119332,0.347898
119588,0.347898
119776,-533.564285
119808,-533.564285
119864,-25.113567
119880,-25.113567
119944,-25.113567
120148,-8.694644
120364,-610.944704
120756,-560.960869
121164,-11.395359
121392,-11.395359
121532,-558.219827
121584,-558.219827
121716,-558.219827
121724,-558.219827
122012,-558.219827
122088,-558.219827
122160,0.754199
122180,0.754199
122272,0.754199
122284,0.754199
122400,0.754199
122588,0.754199
122660,0.754199
122724,0.754199
122872,0.754199
122964,0.754199
123240,0.754199
123268,0.754199
123304,0.754199
123436,0.754199
123524,0.754199
123604,0.754199
123696,0.754199
123716,0.754199
123792,0.754199
123852,0.754199
123884,0.754199
123924,0.754199
123944,0.754199
123984,0.754199
124064,0.754199
124140,0.754199
124148,-567.246883
124248,-567.246883
124284,-567.246883
124340,-567.246883
124364,-593.035563
124416,-18.243897
124424,-18.243897
124440,-18.243897
124448,-18.243897
124560,-10.08252
124612,-10.08252
124664,-9.430993
124688,-9.430993
124912,-94.614603
124980,-69.903319
124992,-69.903319
125096,-69.903319
125100,-69.903319
125164,-578.427371
125228,-578.427371
125296,-82.339324
125324,-35.566343
125340,-85.65761
125640,-37.625862
125688,-49.566745
125704,-49.566745
125772,-15.763227
125836,-99.206269
125908,-99.206269
125972,-21.070205
126000,1.67466
126024,-44.458824
126060,-44.458824
126076,-44.458824
126160,-506.920342
126212,-506.920342
126360,-63.402307
126364,-63.402307
126400,-63.402307
126636,-63.402307
126740,-44.441148
126792,-44.441148
126808,-44.441148
126948,-44.441148
126992,-44.441148
127064,-44.441148
127124,-44.441148
127204,-44.441148
127388,-44.441148
127396,-44.441148
127972,-44.441148
128084,-44.441148
128100,-44.441148
128236,-44.441148
128300,-44.441148
128320,-157.331606
128340,-157.331606
128344,-157.331606
128428,-20.864881
128492,-20.864881
128584,14.784665
128628,14.784665
128736,14.784665
128740,-11.457818
128880,-11.457818
129204,-11.457818
129240,-11.457818
129248,-11.457818
129324,-11.457818
129428,-11.457818
129436,-136.054642
129516,-136.054642
129536,-136.054642
129616,-32.827406
129708,-6.743072
129764,-6.743072
129776,-6.743072
129824,-0.264048
129852,-0.264048
129936,4.054355
129972,-530.279046
129992,-530.279046
130000,-610.567706
130020,-17.880669
130156,-17.880669
130160,-519.582792
130184,-23.162735
130340,6.996148
130348,-72.05306
130384,-72.05306
130468,5.641321
130472,-14.265718
130628,-72.155015
130640,-72.155015
130668,-47.686693
130716,-47.686693
130832,-37.548186
130960,-2.229091
131064,-2.229091
131104,-62.866579
131148,-62.866579
131236,-84.810834
131300,-84.810834
131340,-8.229707
131392,-18.027217
131408,-167.129166
131528,-167.129166
131540,-29.898375
131568,-29.898375
131708,-41.534445
131744,5.318167
131772,5.318167
131780,-22.420829
132016,-31.716409
132060,-4.280194
132184,7.85884
132340,7.85884
132380,0.384726
132396,0.384726
132480,-48.387349
132488,-48.387349
132504,-8.71242
132604,-1.236713
132608,-31.38489
132652,-31.38489
132828,-31.38489
132872,2.263428
132944,-6.167554
132972,-6.167554
133128,-29.683837
133280,-51.020349
133332,-112.890947
133440,-112.890947
133844,-78.424401
133956,-78.424401
134048,-35.134531
134160,-35.134531
134232,-35.134531
134544,-35.134531
134640,-35.134531
134680,-35.134531
135236,-534.117773
135256,-534.117773
135788,-65.151284
136060,-498.620921
136276,-44.76227
136396,-44.76227
136804,-124.044688
136948,6.506153
136972,6.506153
137128,6.506153
137136,6.506153
137184,6.506153
137280,-513.881014
137360,-46.020905
137440,-0.386361
137456,-30.616132
137460,-30.616132
137632,-30.616132
137692,3.608544
137708,3.608544
138016,-15.851787
138048,-535.645954
138148,0.746087
138208,-10.494785
138264,-36.315821
138308,-5.874737
138632,-44.231354
138680,-44.231354
138888,-30.087054
138944,-45.562386
139012,-45.562386
139056,-33.265265
139068,-33.265265
139200,-34.063817
139256,-34.063817
139272,-13.864854
139584,-67.856672
139684,-67.856672
139708,-107.696633
139788,-450.573484
139868,-15.558412
140248,-15.558412
140620,-140.139003
141108,-7.567629
141140,-7.567629
141400,-7.567629
141460,-7.567629
141612,-7.567629
141636,-7.567629
141708,-7.567629
141712,-7.567629
141820,-7.567629
141920,-7.567629
141960,-115.539351
142060,-115.539351
142212,-115.539351
142220,-115.539351
142300,-115.539351
142364,-50.152371
142424,-50.152371
142472,-50.152371
142536,-50.152371
142556,-50.152371
142632,-456.57309
142716,-456.57309
142788,-456.57309
142844,-456.57309
143044,-456.57309
143068,-456.57309
143160,-456.57309
143260,-456.57309
143384,-456.57309
143416,-456.57309
143628,-456.57309
143684,-456.57309
143692,-456.57309
143788,-580.457019
143868,-409.938797
143916,-16.860337
143940,-16.860337
144000,-3.834609
144036,-3.834609
144108,-3.834609
144156,-70.054661
144180,-70.054661
144352,-60.157524
144380,-29.760861
144392,-29.760861
144472,-29.760861
144576,-29.760861
144860,-29.760861
145020,-108.979969
145048,-108.979969
145212,-108.979969
145412,-108.979969
145500,-41.997711
145572,-41.997711
145604,-41.997711
145672,-30.252957
145680,-30.252957
145832,-40.141715
145996,-40.141715
146316,-15.764261
146364,-395.771961
146376,-23.233272
146588,-52.783807
146632,-494.161961
146644,-4.967576
146816,8.483919
146860,-52.343827
147044,-52.343827
147064,-30.200468
147152,-65.986624
147176,-65.986624
147380,-23.788996
147592,1.911555
147672,-61.779807
147796,-26.273579
147896,-0.034749
147916,-149.203174
148124,-39.157947
148192,-68.065497
148352,-418.777893
148804,-60.659746
148884,-56.940334
149020,-12.071986
149212,-12.071986
149216,-61.684374
149220,-18.826937
149540,-3.134179
149604,-3.134179
149964,-3.134179
149996,-3.134179
150028,-3.134179
150044,-77.505973
150112,-77.505973
150240,-77.505973
150372,-22.869365
150508,-22.869365
150552,-22.869365
150612,-22.869365
150692,-14.996993
150712,-14.996993
150824,-14.996993
151020,-34.384174
151036,-34.384174
151084,-34.384174
151176,-34.384174
151208,-34.384174
151424,-34.384174
151584,-34.384174
151588,-34.384174
151780,-34.384174
151896,-487.604406
151920,-487.604406
151932,-487.604406
152024,-487.604406
152124,-378.579632
152208,-378.579632
152304,-378.579632
152368,15.64743
152400,15.64743
152452,-22.914018
152496,-22.914018
152508,-5.066281
152540,-4.899112
152620,-19.760739
152628,-19.760739
152712,-19.760739
152836,-19.760739
152848,-19.760739
152920,-20.525096
153104,10.624277
153216,-467.710146
153300,-467.710146
153484,-467.710146
153552,-66.111042
153588,-57.579873
153612,-57.579873
153840,-22.435362
153892,-51.66095
153968,-51.66095
154084,-191.58158
154240,-191.58158
154336,-191.58158
154384,-27.028137
154420,-27.028137
154508,-27.028137
154576,-27.028137
154592,-27.028137
154636,-27.028137
154640,-27.028137
154760,-27.028137
154788,-27.028137
154820,-27.028137
154872,-27.028137
154900,-27.028137
155020,-390.10514
155028,-390.10514
155320,-390.10514
155356,-390.10514
155412,-51.184867
155544,-51.184867
155760,1.23325
156004,1.23325
156232,1.23325
156308,1.23325
156328,1.23325
156392,1.23325
156412,1.23325
156628,1.23325
156904,1.23325
157036,1.23325
157196,1.23325
157596,1.23325
157612,1.23325
157892,-357.375171
157980,-6.033841
158084,-415.745537
158132,-415.745537
158228,-24.187269
158316,-24.187269
158320,-24.187269
158384,-461.14134
158436,-461.14134
158540,-32.769201
158564,-24.772883
158584,-24.772883
158620,-24.772883
158780,-24.772883
158980,-42.810494
159040,-75.185313
159092,-75.185313
159112,-75.185313
159124,-17.077434
159516,-17.077434
159544,-17.077434
159564,-56.758829
159632,-56.758829
159760,-419.1353
159836,-419.1353
160076,-419.1353
160308,-419.1353
160332,-28.488673
160392,-28.488673
160456,-10.721908
160660,-10.721908
160668,-29.425558
160808,-29.425558
160928,-29.425558
160952,-29.425558
161024,-29.425558
161108,-23.107514
161156,-23.107514
161540,-23.107514
162088,-23.107514
162228,-413.833992
162240,-413.833992
162316,-413.833992
162616,-413.833992
162896,-413.833992
162908,-44.79406
162980,-371.153737
163052,-371.153737
163112,-371.153737
163156,-18.608693
163208,-18.608693
163232,-18.608693
163352,-18.608693
163488,-18.608693
163548,-58.795634
163564,-415.975358
163568,-415.975358
163704,-3.903381
163752,-8.506521
163836,-23.295378
163840,-23.295378
163948,-23.295378
164004,-8.976687
164072,-8.976687
164076,20.696369
164208,20.696369
164300,20.696369
164308,20.696369
164336,20.696369
164448,20.696369
164564,-72.437326
164588,-72.437326
164888,-72.437326
165024,-72.437326
165080,-72.437326
165108,-383.159194
165144,-178.167777
165172,-178.167777
165496,-178.167777
165836,-178.167777
166300,-178.167777
166396,-178.167777
166508,-162.154232
166680,-162.154232
166840,-162.154232
167156,-333.12656
167228,-86.992769
167556,-36.418848
167904,-54.111761
168564,-379.040239
168588,-379.040239
168632,-56.710204
168796,-42.54144
168860,-42.214218
168912,1.480186
169080,1.480186
169084,1.480186
169108,-348.270892
169292,-22.380718
169332,-22.380718
169404,-22.380718
169496,-22.380718
169708,-22.380718
169932,-22.380718
169948,-116.408993
170124,-31.703976
170240,-31.703976
170340,-87.484248
170412,1.005241
170432,-15.849875
170524,-15.849875
170840,-61.947519
170856,-61.947519
171072,-61.947519
171112,-61.947519
171156,-352.669614
171228,-352.669614
171232,-352.669614
171264,-19.059375
171412,-19.059375
171484,-19.059375
171512,-47.823779
171552,-47.823779
171632,-47.823779
171672,-16.893591
171688,-16.893591
171736,-16.893591
171832,-16.893591
172092,-16.893591
172220,-93.130338
172524,-62.560284
172548,-62.560284
172644,-0.597899
172668,-0.597899
172712,-0.597899
172796,-377.829929
172800,-377.829929
172976,-377.829929
172980,-377.829929
173196,-377.829929
173340,-377.829929
173356,-33.421665
173428,0.43107
173444,0.43107
173496,0.43107
173536,0.43107
173696,0.43107
173712,-28.348652
173864,9.852981
173880,-20.032761
174012,-20.032761
174048,11.494116
174108,-5.788307
174168,-5.864198
174372,-5.864198
174380,-25.59195
174384,-7.473142
174424,-7.473142
174432,-320.588939
174524,-320.588939
174556,0.725743
174612,0.725743
174636,0.725743
174736,0.725743
174740,-20.748744
174820,-20.748744
175152,-20.748744
175156,-407.41668
175208,-407.41668
175244,-407.41668
175276,16.402743
175372,16.402743
175428,0.880332
175492,0.880332
175604,0.880332
175864,0.880332
175908,-40.980951
175992,-40.980951
176088,-40.980951
176140,-40.980951
176156,-101.545427
176372,-101.545427
176684,-101.545427
176740,-128.387926
176872,-128.387926
176936,-128.387926
176992,-128.387926
177336,-128.387926
177340,-128.387926
177484,-128.387926
177740,-128.387926
177824,-128.387926
177940,-128.387926
178036,-128.387926
178116,-128.387926
178332,-128.387926
178408,-128.387926
178432,-326.72178
178460,-326.72178
178640,3.177504
178728,3.177504
178992,3.177504
179156,-356.485783
179192,-356.485783
179208,-356.485783
179300,-11.719907
179404,-19.608358
179484,-19.608358
179492,-19.608358
179528,-19.608358
179588,-19.608358
179856,-19.608358
179948,-19.608358
179952,-19.608358
180056,-19.608358
180156,-380.743106
180252,-11.41862
180420,-11.41862
180468,-11.41862
180740,-286.566772
180896,-286.566772
180992,-286.566772
181032,-286.566772
181128,-286.566772
181224,-286.566772
181276,-286.566772
181292,-286.566772
181316,-286.566772
181416,-286.566772
181644,-286.566772
181648,-286.566772
181732,-286.566772
181836,-286.566772
181940,-286.566772
182016,-286.566772
182148,-286.566772
182396,-286.566772
182428,-286.566772
182640,-274.679082
182844,-24.325992
182860,-24.325992
182936,-24.325992
183076,-24.325992
183112,2.926137
183136,2.926137
183272,-0.013887
183372,-0.013887
183404,-399.74762
183588,-399.74762
183600,-27.867382
183664,-2.135691
183796,-25.280279
183896,-25.280279
183956,-25.280279
184152,-21.63733
184160,-21.63733
184252,-292.902866
184332,-292.902866
184352,-9.740944
184448,9.325989
184488,9.325989
184740,-295.983695
185224,-295.983695
185316,-295.983695
185844,-295.983695
185868,-87.456234
185956,-87.456234
186372,-87.456234
186608,-87.456234
186784,-87.456234
187264,-87.456234
187372,-87.456234
187404,-325.116996
187548,-325.116996
187800,-325.116996
187900,-325.116996
188336,-325.116996
188352,-289.015766
188448,-303.304805
188488,-303.304805
188508,-303.304805
188540,-303.304805
188556,-10.766191
188696,-23.443443
188768,16.606315
188796,16.606315
189060,-27.810504
189080,-27.810504
189144,-27.810504
189172,-9.194121
189232,-9.194121
189332,-9.194121
189456,-9.194121
189536,-9.194121
189616,-14.850002
189636,-14.850002
189708,-14.850002
189788,-11.112253
189868,-322.348888
189952,-322.348888
189956,-322.348888
190052,-322.348888
190092,-24.363345
190348,-24.363345
190428,-24.363345
190636,-43.774644
190676,-43.774644
190752,-43.774644
190884,-43.774644
191224,-43.774644
191404,-278.638953
191436,-278.638953
191460,-278.638953
191528,-278.638953
191592,-278.638953
191776,-21.756402
191780,-21.756402
192364,-21.756402
192376,-116.859091
192516,-116.859091
192696,-210.706925
192708,-210.706925
192748,-4.746107
192836,-4.746107
192948,-4.746107
192968,-4.746107
193012,-4.746107
193068,-4.746107
193132,-4.746107
193196,-47.873005
193432,-47.873005
193636,-47.873005
193708,-47.873005
193788,-267.694419
193812,-267.694419
193860,-267.694419
193972,-267.694419
194156,-38.481155
194192,-60.071255
194204,-60.071255
194300,-60.071255
194320,-15.435305
194420,-15.435305
194616,-15.435305
194628,-16.035001
194636,-201.623798
195156,-201.623798
195256,-201.623798
195464,-21.020415
195532,-21.020415
195600,-119.330797
195640,-17.976334
195676,-17.976334
195852,10.596849
195856,10.596849
196016,-30.50471
196072,-8.961388
196376,-217.978002
196640,-38.788919
196956,-38.788919
196988,8.191802
197092,8.191802
197100,-69.271903
197132,-69.271903
197180,-69.271903
197432,-69.271903
197540,-69.271903
197608,3.008203
197656,3.008203
197964,3.008203
198156,-272.556844
198336,-272.556844
198444,-272.556844
198456,-272.556844
198576,-272.556844
198824,-199.312136
198932,-199.312136
198972,-199.312136
199000,-199.312136
199172,-199.312136
199272,-199.312136
199348,-199.312136
199396,-58.796965
199404,-58.852784
199532,-58.852784
199676,-58.852784
199892,-58.852784
199932,-34.947633
199984,-34.947633
200068,-20.690955
200072,-156.485225
200156,-156.485225
200176,-13.242929
200228,-13.191274
200256,-12.813944
200272,-12.813944
200364,-9.134939
200468,-9.134939
200504,-5.518496
200520,-5.518496
200608,-27.264156
200636,-33.635553
200684,-11.725215
200844,22.835099
200920,3.387816
201176,-13.450872
201180,-13.450872
201192,-13.450872
201296,-14.840487
201400,-14.840487
201428,17.162407
201464,17.162407
201472,17.162407
201604,-14.933635
201608,-124.154435
201720,5.130678
201744,5.130678
201764,5.130678
201904,5.130678
201912,5.130678
202008,5.130678
202136,5.130678
202200,5.130678
202372,5.130678
202376,-92.245699
202420,-9.106512
202504,-9.106512
202604,-24.56092
202620,-24.56092
202632,-24.56092
202788,-3.401761
202948,6.873175
202992,9.15455
203180,-34.006491
203200,-34.006491
203304,-38.305134
203312,-38.305134
203332,-37.835148
203444,-6.724946
203564,12.935968
203608,12.935968
203972,-13.294492
204032,-13.294492
204124,-13.294492
204264,-41.716958
204312,-41.716958
204328,-0.166507
204468,-0.166507
204640,-0.166507
204716,-0.166507
204796,-0.166507
204812,-0.166507
204924,-0.166507
204988,-0.166507
205164,-0.166507
205264,-0.166507
205400,-0.166507
205428,-243.545381
205464,-243.545381
205516,-243.545381
205720,-207.027748
205784,-2.818746
205800,-2.818746
205872,-2.818746
205916,-2.82941
206144,15.621026
206464,15.621026
206656,15.621026
206972,15.621026
207304,-215.500335
208328,-125.38054
209040,2.929139
209244,-11.229753
209428,-129.236281
209460,-12.536786
209464,-12.536786
209516,-12.536786
209620,18.992773
209872,18.992773
209880,-13.36913
210004,-13.36913
210032,-13.36913
210144,-249.821563
210296,-124.826677
210352,-124.826677
210400,-40.440348
210476,-12.564092
210532,7.478941
210580,-3.799344
210608,-15.740247
210656,-15.740247
210736,3.431542
210788,2.17101
210844,2.17101
210884,2.17101
210892,2.17101
210920,3.283374
210972,3.283374
211076,-14.83239
211132,-45.845207
211304,-102.87689
211348,-9.620145
211496,-9.620145
211508,-31.715918
211592,-48.074702
211652,1.570057
211868,-30.37085
211948,-50.930189
212292,8.303947
212380,8.303947
212400,0.934758
212436,0.934758
212552,-48.579136
212684,17.339117
212708,17.339117
212716,-9.421543
212844,0.755337
212896,0.755337
212984,-21.964141
213004,-20.590294
213180,-3.817492
213336,-32.662369
213848,30.878706
214004,30.878706
214036,30.878706
214156,30.878706
214256,-49.206987
214316,4.422154
214392,4.422154
214488,-27.272357
214500,-27.272357
214840,-27.272357
214892,-27.272357
214972,-27.272357
215300,-27.272357
215312,-27.272357
215372,-27.272357
215396,-70.067609
215496,-70.067609
215548,-70.067609
215640,-70.067609
215652,-117.079834
215700,-117.079834
215948,-84.434942
216060,-0.513706
216064,-56.159296
216284,-56.159296
216348,-56.159296
216368,-56.159296
216380,7.96412
216408,11.878001
216468,11.878001
216720,11.878001
216732,-9.157499
217180,-175.21396
217356,-175.21396
217448,-44.95786
217496,-44.95786
217544,-44.95786
217848,-68.426934
217936,-0.505208
217940,-0.505208
218040,-24.892224
218364,-47.78514
218412,-5.84378
218624,64.988628
218644,64.988628
218896,-39.751495
219052,-39.751495
219136,-39.751495
219280,-39.751495
219300,-39.751495
219312,-39.751495
219484,-39.751495
219516,-39.751495
219644,-39.751495
219716,-26.65901
219720,-26.65901
219772,5.124952
219820,5.124952
219876,-2.813004
219880,-2.813004
220044,-2.499156
220384,-109.597776
220596,-5.292616
220648,-11.351227
220732,-173.449458
220948,0.410972
221096,32.941762
221108,-12.157179
221448,-17.90512
221572,-9.101353
221736,-32.365328
221940,-32.365328
222040,-154.288487
222104,0.131337
222212,0.131337
222512,0.131337
222920,-54.096466
223280,-54.096466
223348,-54.096466
223376,-54.096466
223408,-54.096466
223644,-54.096466
223652,-54.096466
223732,-54.096466
223880,-54.096466
223888,-54.096466
224016,-54.096466
224080,-54.096466
224092,-7.080432
224112,-7.080432
224176,-7.685191
224204,-7.685191
224400,-7.685191
224828,-7.685191
224980,-7.685191
225008,-74.914269
225096,-113.414904
225108,-120.911308
225232,-120.911308
225264,-0.359667
225280,-12.686767
225460,-4.769922
225468,-0.281458
225584,-14.203011
225672,-4.138314
225720,-4.138314
225808,-6.126904
225896,-10.410476
226040,-141.028134
226168,-19.905982
226368,-6.995438
226384,-6.995438
226700,-33.132792
226708,-18.153939
226820,16.35566
227008,16.35566
227064,16.35566
227636,-3.00033
227816,15.21918
227880,15.21918
228280,15.21918
228400,15.21918
228424,-73.339318
228436,-73.339318
228656,-73.339318
228736,-31.752561
228828,-31.752561
228992,-31.752561
229104,-31.752561
229612,-22.020465
229896,-154.460212
230700,-114.343425
231064,-114.343425
231280,-114.343425
231772,-114.343425
231816,-115.461416
231892,-115.461416
232028,-4.829313
232300,-4.829313
232312,-4.829313
232556,24.747862
232560,24.747862
232612,24.747862
232804,-72.232447
232828,-72.232447
233104,-72.232447
233200,36.430866
233248,36.430866
233304,36.430866
233428,12.009283
233504,12.009283
233612,-54.944744
233712,-54.944744
233716,-1.979811
233888,-1.979811
233896,-89.416167
233996,9.964198
234072,-56.093906
234100,2.644984
234128,-5.094248
234144,-5.094248
234376,-5.094248
234968,-11.876194
235280,-72.654367
235484,17.018725
236556,-108.560123
237104,-108.560123
237304,-108.560123
237516,-108.560123
237712,-108.560123
237760,-108.560123
237784,-34.994637
237844,-34.994637
237996,-94.96833
238088,-94.96833
238252,-94.96833
238288,5.611946
238376,5.611946
238380,5.611946
238484,5.611946
238492,5.611946
238816,5.611946
238944,5.611946
238968,-70.553537
239056,-70.553537
239164,14.515301
239404,14.515301
239484,-51.344911
239708,-51.344911
239744,-51.344911
239828,30.885466
239912,8.098526
240132,18.896128
240160,18.896128
240184,-70.799415
240232,26.074559
240384,-15.499155
240500,-35.731834
240668,-35.731834
241000,-35.731834
241088,-35.731834
241168,4.258259
241208,-10.541379
241340,-10.628231
241784,-56.067822
242712,-47.738835
242808,-9.773311
242900,-7.148162
242944,-7.148162
243056,-7.148162
243152,-7.148162
243204,-23.617237
243220,-7.184175
243324,-7.184175
243500,-8.480679
243620,-8.480679
243636,31.800437
243692,-4.29594
243708,-4.29594
243720,-7.582094
244184,-27.49001
244204,-40.221739
244208,-17.526988
244248,-14.62431
244372,-3.990366
244412,24.604484
244508,-3.093033
244788,-14.272692
245088,-14.272692
245560,-20.902908
245596,-20.902908
246064,66.548877
246460,66.548877
246512,-51.861412
246544,2.701664
246552,2.701664
246808,3.136973
246836,-43.901285
246940,-1.828207
247028,-1.828207
247056,-1.828207
247104,11.47354
247160,11.47354
247256,-4.146504
247432,-97.275677
247620,-97.275677
247652,-37.235676
247708,-37.235676
247916,-40.667215
248164,-40.667215
248276,9.534748
248376,14.880829
248396,14.880829
248492,3.124413
248540,3.124413
248672,-6.490799
248688,-6.490799
248928,21.152781
249232,-6.320168
249280,-6.320168
249468,-3.251857
249756,-3.251857
249760,-15.053591
249964,-15.053591
250120,-15.053591
250232,12.60602
250748,-53.107514
250808,70.908236
251048,4.687153
251052,-29.402526
251056,-29.402526
251160,-29.402526
251356,-29.402526
251636,2.197076
251948,2.197076
252052,44.980854
252216,-29.389945
252340,24.33066
252688,24.33066
252976,2.489512
253348,2.489512
253468,8.595539
253576,8.595539
253804,-10.436448
253876,-5.450567
254120,-5.450567
254548,-5.450567
254600,-5.450567
254792,14.156494
254808,-28.060329
254884,49.507528
255160,49.507528
255172,25.776049
255212,11.87136
255308,11.114641
255372,11.114641
255480,-4.159495
255656,-4.159495
255756,-4.159495
255840,-8.181423
255900,-20.50862
255972,5.974195
256092,-9.515748
256224,-4.537219
256300,-4.537219
256340,21.197922
256436,-18.532169
256448,-18.532169
256668,25.979839
257056,14.20045
257060,14.20045
257172,14.20045
257300,14.20045
257308,-9.264662
257348,-9.264662
257476,-9.264662
257616,34.588288
257864,34.588288
257888,34.588288
257904,13.994681
257940,-6.115028
257964,-6.115028
258096,16.369951
258116,6.279215
258120,6.279215
258328,6.279215
258628,6.279215
258792,-21.405391
258804,-21.405391
258840,0.177021
258920,17.517603
258976,17.517603
258996,17.517603
259044,4.157286
259424,-69.22491
259560,-69.22491
259648,-2.779687
259672,-2.779687
259692,-2.779687
259764,-2.779687
259912,-2.779687
259972,-10.521603
260424,41.137951
260640,-63.609005
260716,-44.267526
261168,0.588985
261260,7.2277
261300,7.2277
261788,7.2277
261844,7.2277
261888,7.2277
262068,7.2277
262096,44.397372
262108,44.397372
262148,-1.891073
262512,-1.891073
262536,-1.306307
262624,-1.306307
262884,15.060263
263012,15.060263
263140,-38.871739
263524,40.222883
263764,40.222883
263924,40.222883
263964,-19.956803
263972,6.912317
264180,13.307608
264224,13.307608
264484,13.307608
264640,-26.131627
264740,66.53175
264812,51.944975
264824,51.944975
264864,0.761286
265012,15.781715
265056,15.781715
265156,15.781715
265260,-39.561143
265336,21.967469
265444,21.967469
265488,-0.941607
265612,-0.941607
265620,-11.857934
265764,-9.310135
266108,-9.310135
266160,-9.310135
266196,10.951145
266232,9.691269
266456,-38.07341
266584,37.760397
266624,37.760397
266732,-57.348431
266752,-57.348431
266916,-57.348431
267056,-3.1954
267380,-8.144705
267584,40.562151
267724,29.098368
267820,49.303904
268208,-23.284286
269612,-23.284286
269720,-23.284286
269844,-23.284286
270108,-23.284286
270196,-13.261347
270272,59.893687
270464,12.1551
270488,12.1551
270608,11.505707
270624,11.505707
270680,11.505707
270700,21.070823
270768,21.070823
270916,21.070823
270960,21.070823
271024,21.070823
271284,21.070823
271304,21.070823
271308,21.070823
271324,21.070823
271440,21.070823
271564,21.070823
271584,30.34683
271616,30.34683
271784,30.34683
271804,30.34683
271932,30.34683
272120,30.34683
272200,30.34683
272208,73.321343
272292,-6.764109
272296,-6.764109
272692,-6.764109
272824,6.359923
273268,6.359923
273272,6.359923
273412,6.359923
273684,23.844972
273708,62.815138
273912,8.438868
274056,8.438868
274320,-11.765888
274608,92.195524
274712,22.442694
274768,6.009655
274800,-7.245283
275128,-7.245283
275180,-7.245283
275308,-7.245283
275384,-7.245283
275584,114.788856
275612,114.788856
275716,2.426311
275868,35.986857
275940,35.986857
276084,38.903668
276288,38.903668
276296,46.910585
276396,46.910585
276400,3.314593
276528,-0.292559
276612,-0.292559
276704,-0.292559
277028,-30.404778
277192,-30.404778
277368,-30.404778
277396,-8.728333
277412,-8.728333
277796,3.604279
277872,-33.074986
277912,46.223858
278012,46.223858
278452,46.223858
278764,-28.659105
278840,-28.659105
278988,-10.044988
279064,-2.21394
279384,-2.21394
280248,-2.21394
280448,-2.21394
280844,-2.21394
280924,-2.21394
281108,-2.21394
281316,-2.21394
281396,117.022202
281412,117.022202
281564,117.022202
281796,79.461398
281804,79.461398
281872,26.600602
281928,26.600602
281940,6.437906
281996,36.439118
282012,36.439118
282188,36.439118
282276,23.1304
282432,23.1304
282452,23.1304
282456,12.696099
282528,12.696099
282540,9.856542
282632,9.856542
282976,19.305804
283064,66.561446
283100,66.561446
283208,66.561446
283292,-44.35859
283344,-44.35859
283428,-47.845512
283516,-47.845512
283612,51.173694
283616,51.173694
283688,51.173694
283764,51.173694
283928,-23.569133
284064,27.511899
284104,27.511899
284116,27.511899
284416,27.511899
284504,27.511899
284552,27.511899
284568,27.511899
284572,52.123456
284652,2.239939
284696,2.239939
284844,2.239939
285100,11.056835
285108,11.056835
285240,11.056835
285284,11.056835
285396,-4.217542
285888,-4.217542
285992,-4.217542
286300,-4.217542
286396,-4.217542
286456,102.051919
286508,102.051919
286556,102.051919
286664,102.051919
286808,102.051919
286888,102.051919
287172,102.051919
287612,70.656741
287796,84.993434
288572,94.559419
288872,64.963881
288916,23.887883
289312,75.024618
289396,88.793368
289568,43.412139
289772,17.698069
289884,14.281789
290112,34.492093
290200,4.245952
290316,1.456664
290384,146.981739
290440,0.955688
290456,28.230618
290664,28.230618
290808,28.230618
290888,28.230618
291000,28.230618
291092,28.230618
291172,28.230618
291324,28.230618
291428,28.230618
291568,28.230618
291844,22.976529
291976,3.083071
292104,20.949071
292408,20.949071
292832,20.949071
293312,173.457958
293520,173.457958
294316,126.192484
294456,165.833053
294592,-20.402462
294796,14.774081
294808,14.774081
295004,-2.854052
295568,-2.854052
296104,130.997384
296408,130.997384
296608,17.035626
296812,17.035626
297312,79.558766
297356,79.558766
297520,79.558766
297744,57.726698
298592,197.641285
298808,197.641285
299004,97.873834
299008,97.873834
299268,97.873834
299568,97.873834
299804,97.873834
300176,97.873834
300408,97.873834
300608,114.430373
300696,114.430373
301356,114.430373
301380,-1.219237
301520,-1.219237
301744,100.887305
301900,-14.63753
301932,22.079552
302232,7.960394
302236,5.481424
302560,34.497107
302592,168.123327

303108,168.123327
303248,11.347052
303280,3.04313
303464,45.952094
303888,45.952094
303936,45.952094
304012,-40.204565
304072,-40.204565
304088,-40.204565
304392,-40.204565
305308,60.421064
305356,84.513526
306140,125.052745
306236,13.063407
307008,45.833926
307108,243.254204
307212,6.132278
307236,6.132278
307428,14.341698
307748,73.569445
307936,73.569445
308088,73.569445
308204,73.569445
308392,73.569445
308496,47.827964
308640,47.827964
308796,47.827964
308860,47.827964
309048,47.827964
309124,47.827964
309308,138.462459
309344,138.462459
309356,153.362047
309432,153.362047
309624,25.631384
309644,25.631384
309732,25.631384
309768,2.777714
309816,2.777714
309820,2.777714
310036,21.282557
310068,21.282557
310508,13.347823
310740,88.378141
310816,88.378141
310824,16.984644
310968,16.984644
311040,16.984644
311156,16.984644
311292,42.297673
311428,165.844203
311964,165.844203
312204,165.844203
312976,165.844203
313344,165.844203
313356,198.357485
313440,198.357485
313460,5.370983
313492,5.370983
313716,5.370983
313880,5.370983
314508,187.907356
314808,1.501685
315040,1.501685
315292,149.628207
315428,180.345046
315604,180.345046
315644,41.74628
316020,41.74628
316204,41.74628
316356,41.74628
316564,34.657888
316608,34.657888
316976,34.657888
316988,34.657888
317116,34.657888
317520,34.657888
317880,34.657888
317932,138.9596
318012,138.9596
318596,138.9596
318808,180.895965
318928,180.895965
318984,180.895965
319024,180.895965
319072,180.895965
319252,107.893362
319292,189.989979
319428,189.989979
319644,175.325889
319692,175.325889
319784,125.256162
319876,-21.659131
320168,56.330698
320256,56.330698
320384,39.641816
320400,11.891653
320424,11.891653
320608,-1.550798
321520,-1.550798
322092,66.277233
322784,66.277233
323308,62.29924
323404,62.29924
323428,62.29924
323572,62.29924
324328,62.29924
324356,62.29924
324384,225.871298
324424,225.871298
324544,12.190941
324608,167.664859
324780,167.664859
324880,85.436471
325260,85.436471
325708,85.436471
325724,-29.85997
325872,-29.85997
326004,-29.85997
326092,235.105514
326236,169.11546
326240,169.11546
326572,169.11546
326640,169.11546
326716,38.190634
326944,38.190634
327248,38.190634
327724,38.190634
327792,38.190634
328044,38.190634
328084,221.405436
328328,221.405436
328568,221.405436
328728,221.405436
328780,221.405436
329288,221.405436
329456,81.64121
329480,81.64121
329696,81.64121
329724,274.981464
329924,274.981464
329992,86.200437
330092,101.874011
330172,60.719147
330480,50.404352
330664,10.821554
330716,298.347544
330732,5.58572
331036,10.131555
331040,10.131555
331108,10.131555
331292,10.131555
331528,10.131555
331548,10.131555
331612,129.748576
331616,129.748576
331724,129.748576
331736,11.157775
331756,11.157775
331928,11.157775
332024,11.157775
332044,11.157775
332284,11.157775
332344,80.163318
332696,128.574854
332700,-29.597663
332728,-29.597663
332780,-29.597663
332816,-29.597663
332832,-0.860361
332840,-0.860361
332900,38.141666
333552,43.031807
333880,43.031807
333896,42.164075
334312,42.164075
334480,240.977485
334852,29.279334
334944,82.167292
335036,200.439817
335248,200.439817
335328,200.439817
335368,62.670576
335596,-0.6528
335620,18.48861
335688,8.306192
335832,8.306192
336704,76.634424
336780,76.634424
336816,76.634424
336840,76.634424
336900,140.964798
337032,140.964798
337168,140.964798
337228,140.964798
337244,45.630551
337320,45.630551
337348,-6.318472
337416,-6.318472
337764,69.520398
337792,69.520398
338016,9.310205
338252,-0.491974
338652,-0.491974
339216,-0.491974
339308,-0.491974
339420,-0.491974
339596,269.502697
339700,269.502697
339832,269.502697
339888,35.351537
339900,35.351537
339988,16.552343
340000,16.552343
340052,127.903312
340252,127.903312
340288,127.903312
340380,127.903312
340392,127.903312
340496,127.903312
340900,285.462232
341088,285.462232
341252,285.462232
341348,226.558429
341496,34.694096
341708,55.506593
341804,-3.275662
341920,77.289639
341928,77.289639
342068,77.289639
342352,77.289639
342736,77.289639
342940,124.936773
343156,79.296114
343172,13.137335
343852,32.711132
343900,32.711132
344052,251.821417
344224,251.821417
344268,195.896391
344420,57.814634
344492,34.532816
344496,34.532816
344592,34.532816
344804,46.374724
345088,46.374724
345124,46.374724
345208,83.059285
345548,137.470802
345608,36.089863
345748,36.089863
345816,36.089863
346424,184.424324
346552,9.681937
346936,42.935592
346988,169.621677
347832,35.040234
347984,23.88114
348032,98.949983
348148,-1.352984
348592,-1.352984
348688,39.604376
348808,134.940197
349124,134.940197
349316,84.238225
349416,84.238225
349572,84.238225
349608,295.938813
349656,-6.741103
349660,-6.741103
349748,-6.741103
349816,-6.741103
349928,-6.741103
349968,41.722336
350028,8.391888
350196,92.758778
350244,92.758778
350308,92.758778
350352,3.542894
350464,3.83456
350564,53.615127
350904,53.615127
350940,103.469289
351008,5.18342
351076,-0.138043
351228,-0.138043
351244,28.666273
351380,28.666273
351404,20.928623
351932,20.928623
351972,20.928623
352032,290.68242
352216,290.68242
352276,290.68242
352404,84.796813
352492,84.796813
352512,84.796813
352996,84.796813
353180,84.796813
353236,84.340426
353280,84.340426
353352,84.340426
353484,84.340426
353824,69.554119
354432,69.554119
354464,217.803869
354564,252.042017
355116,38.371562
355376,25.639806
355488,12.922717
355788,134.022
355972,134.022
356032,272.5505
356188,97.240335
356568,11.496195
356992,49.008273
357280,49.008273
357352,49.008273
357368,113.616643
357396,79.75583
357608,-6.101004
357620,87.364313
357744,87.364313
357824,318.778332
357904,318.778332
358092,52.320599
358156,54.711376
358260,71.180049
358432,71.180049
358480,3.574773
358532,3.574773
358608,3.574773
358684,3.574773
359216,3.574773
359528,183.506887
359796,14.523344
359972,14.523344
360148,43.529105
360872,43.529105
361152,43.529105
361320,241.053393
361352,241.053393
361824,279.315455
362260,290.435471
362432,290.435471
362480,40.428184
362636,122.656436
362684,122.656436
362776,122.656436
362860,94.910218
363192,94.910218
363216,94.910218
363260,44.302927
363568,98.149493
363696,98.149493
363768,21.858822
363828,30.978209
363900,16.483525
364148,307.355768
364220,307.355768
364948,307.355768
365212,307.355768
365352,307.355768
365912,307.355768
366376,307.355768
366464,307.355768
366860,297.616353
367044,33.903527
367196,33.903527
367420,33.903527
367696,33.903527
367828,335.176634
367900,277.342378
367940,17.25023
368148,286.705867
368492,286.705867
368548,178.335503
368652,178.335503
369012,71.506599
369212,71.506599
369352,71.506599
369912,71.506599
370460,67.086799
370680,67.086799
371200,67.086799
371696,67.086799
371836,67.086799
371940,401.894991
372072,401.894991
372148,365.441697
372228,47.609806
372256,47.609806
372548,335.075679
372852,86.431662
373208,57.690829
373332,57.690829
373844,35.632423
373948,35.632423
374268,78.102341
374332,78.102341
374460,349.477561
374548,27.935783
374772,27.935783
374788,33.576417
375056,21.509979
375336,56.185438
375696,56.185438
375928,41.614044
375932,41.614044
376072,41.614044
376136,41.614044
376224,41.614044
376228,348.472777
376436,188.495767
376580,188.495767
377108,77.525756
377724,311.58365
377948,311.58365
378092,311.58365
378412,311.58365
378556,311.58365
379928,323.663766
379968,94.945648
380072,94.945648
380112,94.945648
380156,357.796415
380172,-17.324906
380280,-17.324906
380392,28.329788
380456,46.376285
380580,46.376285
380812,46.376285
380880,52.206328
381048,52.206328
381108,290.814443
381648,290.814443
381764,112.261108
381916,112.261108
381940,41.762737
381948,41.762737
382116,41.762737
382244,41.762737
382520,35.892443
382524,35.892443
382532,35.892443
382700,182.571546
382976,15.367113
383068,36.677843
383072,4.387466
383168,9.641993
383372,9.641993
383780,9.641993
383840,9.641993
383932,97.656344
384172,202.918476
384392,468.619498
384440,468.619498
384636,52.330279
384664,52.330279
384684,122.196275
384812,122.196275
385020,122.196275
385248,122.196275
385308,122.196275
385524,122.196275
386172,145.306787
386408,195.781656
386556,195.781656
386576,47.047956
386636,47.047956
387004,204.165469
387168,329.427059
387372,329.427059
388128,93.969994
388336,14.558485
388536,125.427155
389308,125.427155
389424,125.427155
389524,125.427155
389668,99.478082
390576,423.164154
390596,423.164154
390636,423.164154
390720,423.164154
391004,381.594772
391040,59.77207
392336,355.737054
393308,355.737054
393460,118.142812
393524,118.142812
393668,330.024474
393872,330.024474
394160,330.024474
394576,150.003703
394636,150.003703
394668,150.003703
394720,150.003703
394776,16.409807
394788,16.409807
394936,37.865057
395004,320.216529
395040,355.510234
395088,355.510234
395128,28.838815
395240,199.654967
395324,25.943716
395564,60.374767
395696,88.636064
396604,88.636064
396824,139.260883
397328,139.260883
398160,139.260883
398368,139.260883
398720,139.260883
398788,139.260883
399004,655.902671
399564,415.537553
399608,415.537553
399684,0.834254
399696,379.634437
399880,39.531527
399924,73.083897
400032,73.083897
400316,73.083897
400352,33.300412
400412,33.300412
400824,450.732686
400860,450.732686
400976,450.732686
401028,450.732686
401132,159.910478
401320,22.028291
401328,22.028291
401832,8.003203
402644,8.003203
402720,8.003203
403004,362.506618
403100,362.506618
403208,25.684882
403240,25.684882
404040,25.684882
404284,193.397633
404352,427.687283
404824,386.036188
405028,2.954029
405896,2.954029
406216,232.628076
406240,232.628076
406436,143.385753
406560,36.807389
406644,36.807389
406924,36.807389
407100,36.807389
407208,517.991487
407372,10.229336
407556,94.215215
408040,94.215215
408048,94.215215
408128,94.215215
408352,343.796008
408476,343.796008
408584,343.796008
409308,343.796008
410240,343.796008
410560,390.678883
410576,390.678883
410924,390.678883
411356,390.678883
411372,461.525774
411556,488.636815
411576,488.636815
411592,146.488514
411708,160.771673
411724,160.771673
411876,22.421316
412128,78.837649
412204,31.908387
412384,22.757348
412428,72.274327
412584,72.274327
412764,32.33947
412932,32.33947
413464,32.33947
413568,226.538323
414576,226.538323
414720,226.538323
414828,226.538323
415372,423.023679
415724,423.023679
416428,454.244264
416764,404.736769
416844,404.736769
417384,404.736769
417560,84.66938
417568,462.805687
418420,98.688453
418576,98.688453
418824,250.438788
418832,250.438788
419372,512.563424
419380,87.338417
419404,87.338417
419460,17.058676
419724,17.058676
419856,63.809417
420144,85.392281
420172,85.392281
420504,85.392281
420544,85.392281
420648,85.392281
420920,167.431856
421008,0.998909
421568,380.94498
422112,126.060702
422372,126.060702
422380,50.945892
422648,50.945892
422808,50.945892
423324,100.532131
423404,100.532131
423460,383.076678
424128,132.552892
424144,319.27332
424504,319.27332
424576,194.822931
424680,194.822931
424860,194.822931
425116,403.885463
425196,139.581413
425496,42.265194
425504,170.845784
425612,35.314748
425876,35.314748
425900,35.314748
426092,35.314748
426636,35.314748
426648,35.314748
426800,35.314748
426828,123.489093
426916,174.748462
427600,240.430649
428476,145.098651
428576,444.476756
428816,444.476756
428860,444.476756
429392,444.476756
429460,330.50535
429596,29.941949
430092,29.941949
430648,29.941949
430732,29.941949
430828,387.017239
431172,33.176125
431468,193.765588
431740,47.924315
432144,47.924315
432476,462.71097
432576,440.389314
432584,147.237235
432696,12.297588
432812,26.496101
432860,26.496101
432876,26.496101
432968,26.496101
433108,171.164188
433136,171.164188
433156,171.164188
433180,171.164188
433512,171.164188
433848,171.164188
434452,302.442442
434780,302.442442
434844,168.984063
434912,321.807166
434932,321.807166
435036,321.807166
435124,321.807166
435652,321.807166
435700,321.807166
435820,321.807166
436244,321.807166
436328,321.807166
436712,321.807166
436816,251.997189
436968,251.997189
437100,448.060017
437192,448.060017
437276,21.085711
437920,21.085711
438124,102.280594
438176,102.280594
438452,483.660845
438728,483.660845
438844,498.216307
439132,498.216307
439228,498.216307
439476,116.236349
439604,116.236349
439700,116.236349
440484,116.236349
440560,116.236349
440816,459.405459
441192,459.405459
442148,459.405459
442452,424.722982
442576,18.40386
442724,251.073898
442844,437.363764
443476,460.26841
443604,460.26841
444560,460.26841
445192,460.26841
446148,460.26841
446576,378.569154
446724,440.595513
446844,496.74758
446868,17.918594
446936,17.918594
446940,58.189616
447236,45.362394
447476,459.373411
447604,459.373411
447772,50.526167
447904,50.526167
448388,50.526167
448452,100.574055
448560,100.574055
449364,243.062235
449404,361.726112
450132,361.726112
450148,361.726112
450196,192.997209
450204,192.997209
450404,139.088507
450952,51.810809
451236,496.754339
451432,496.754339
451604,496.754339
451952,304.283902
452076,304.283902
452248,170.340686
452560,170.340686
452788,95.895769
453616,91.023657
453888,91.023657
454052,91.023657
454196,534.66962
454388,534.66962
454880,534.66962
454952,440.552676
455068,156.477302
455432,156.477302
455488,156.477302
455604,110.536285
455952,414.582772
456076,414.582772
456348,414.582772
456572,414.582772
456920,138.375126
457324,138.375126
458196,454.820913
458612,222.429212
459068,464.406975
459248,464.406975
459356,464.406975
459432,464.406975
459604,505.707581
459856,505.707581
460076,505.707581
460128,505.707581
461000,505.707581
461260,505.707581
462120,505.707581
462180,505.707581
462196,485.041835
462356,485.041835
462500,268.120119
462612,468.329702
462984,468.329702
463068,516.861482
463236,24.293254
463484,29.409967
463580,14.506941
463904,68.507906
464192,68.507906
464352,68.507906
464416,68.507906
465784,68.507906
465928,332.830916
466000,3.892159
466120,3.892159
466152,239.117603
466184,15.257485
466196,500.107011
466500,446.106092
466796,51.722455
466984,51.722455
468352,51.722455
469344,51.722455
469628,51.722455
469784,51.722455
470152,540.150149
470160,540.150149
470184,454.185077
470196,537.725593
470216,9.051055
470796,544.209298
470844,544.209298
470984,544.209298
471540,544.209298
471760,544.209298
471772,208.83477
471912,208.83477
472060,208.83477
472136,208.83477
472908,208.83477
473328,208.83477
473988,208.83477
474184,493.319085
474196,477.8254
474796,534.756889
475064,35.268793
475180,147.979062
475204,147.979062
475548,147.979062
475772,454.872233
475912,454.872233
476772,120.90106
476868,12.433218
477076,31.555797
477396,291.894557
477620,456.982361
477636,456.982361
477988,456.982361
478860,456.982361
479180,547.060858
479548,547.060858
479704,547.060858
480440,197.328286
480572,371.414248
480964,371.414248
481076,484.258663
481132,99.778402
481396,560.249278
481404,16.639331
481544,57.871874
481636,57.871874
481748,62.496611
482052,221.931712
482588,221.931712
482684,181.165824
482780,240.046555
482860,240.046555
483168,240.046555
483548,240.046555
483660,205.024852
483892,205.024852
484244,302.980659
484296,209.964984
484888,94.460871
485188,170.226067
485260,154.036694
485496,154.036694
486300,180.363766
486436,27.001847
486780,620.816011
486860,620.816011
487168,620.816011
487628,620.816011
487892,620.816011
488192,620.816011
488888,642.186646
489188,535.116857
489288,-8.576793
489496,-8.576793
489572,409.316318
490292,409.316318
490436,488.670774
490600,220.292534
490712,43.425034
490720,209.247334
490952,146.507489
491048,146.507489
491324,146.507489
491628,146.507489
491656,122.125435
491684,146.613625
491796,17.898763
492040,70.023334
492088,70.023334
492172,70.023334
492728,151.792582
493004,151.792582
493260,399.808653
493496,399.808653
493784,399.808653
493816,399.808653
494680,276.242149
494720,537.777554
494872,537.777554
495656,378.358771
495772,194.068876
496088,194.068876
496172,194.068876
496572,194.068876
496680,194.068876
496716,286.089275
497052,286.089275
497260,503.550347
498084,178.525417
498476,178.525417
498716,437.074402
498796,437.074402
498872,437.074402
499080,437.074402
499160,437.074402
499316,480.061493
499536,194.485067
499912,194.485067
499960,141.927766
500724,329.608818
500840,214.674917
501052,214.674917
501260,318.141335
501664,318.141335
502416,318.141335
502424,158.360343
502536,158.360343
502772,262.090964
502872,262.090964
503684,145.974028
503960,615.292562
504044,95.310539
504840,538.032212
504952,212.638659
505052,212.638659
505080,212.638659
505104,212.638659
505980,212.638659
506100,212.638659
506424,527.903713
506688,164.300047
506872,164.300047
506980,164.300047
507952,534.140532
508344,76.637731
508664,202.470184
508840,581.998412
509052,56.567663
509264,56.567663
509588,56.567663
509980,56.567663
510424,642.439046
510872,642.439046
510980,642.439046
511164,642.439046
512176,454.099242
512344,522.073975
513052,453.995084
513588,453.995084
513608,227.368989
513980,227.368989
514000,195.567502
514144,195.567502
514424,547.300482
514628,547.300482
514864,398.806558
514872,398.806558
515164,398.806558
515772,398.806558
516652,335.370158
517576,335.370158
517608,489.644407
517740,41.090296
517972,38.022675
518000,586.820977
518304,586.820977
518380,85.70574
518872,85.70574
519164,85.70574
519788,85.70574
520652,531.346023
521576,531.346023
521732,531.346023
521972,534.950826
522000,617.634933
522304,617.634933
522380,606.135031
522872,606.135031
523788,606.135031
524652,632.848147
524808,17.809611
524836,17.809611
525732,17.809611
525816,214.446498
525972,589.308615
526000,511.443631
526028,31.448713
526304,31.448713
526380,491.346646
526636,103.711648
527172,165.960874
527532,208.215513
527788,208.215513
527952,208.215513
528428,252.903199
528836,252.903199
529672,252.903199
529732,252.903199
530028,543.037797
530856,543.037797
531168,543.037797
531172,562.314544
531456,562.314544
531532,574.337553
531608,574.337553
531912,574.337553
531952,574.337553
532124,574.337553
532172,574.337553
532428,579.067066
532872,579.067066
533496,294.477482
533756,57.594152
534028,516.283477
535000,225.701077
535172,622.080121
535456,622.080121
535748,161.750553
535952,161.750553
536172,161.750553
536272,161.750553
536428,679.789031
536728,-3.705003
536872,-3.705003
537876,-3.705003
538028,529.45952
538700,62.875491
539172,558.691129
539492,558.691129
539748,525.377445
539952,525.377445
540032,100.356957
540172,100.356957
540376,100.356957
540728,645.184195
540872,645.184195
541660,645.184195
541744,243.157962
542012,243.157962
542156,73.643063
542700,594.332167
542752,110.481918
542928,31.617245
543080,46.513952
543452,46.513952
543748,633.135651
544172,633.135651
544728,589.614792
544844,589.614792
545084,589.614792
545500,589.614792
545724,100.173769
545900,440.861803
545916,440.861803
545980,440.861803
546012,440.861803
546836,440.861803
547012,508.66911
547220,508.66911
547748,576.580109
548172,576.580109
548308,576.580109
549028,199.420913
549388,199.420913
549724,596.094461
549900,670.08174
551012,572.845037
551220,572.845037
551336,253.720589
551792,253.720589
552028,253.720589
552172,253.720589
552308,253.720589
552372,253.720589
553028,587.832165
553688,587.832165
553724,513.585441
554140,513.585441
554472,170.910612
554916,532.766459
555336,674.756499
555652,674.756499
555820,674.756499
556028,674.756499
556372,674.756499
557028,727.918628
557336,727.918628
557760,436.728649
557772,530.338973
558884,455.192763
559336,741.433246
559652,741.433246
559820,741.433246
560028,741.433246
560400,741.433246
560720,182.001521
560880,182.001521
560936,30.877065
561336,30.877065
561740,30.877065
561760,547.646941
561772,548.444078
562516,548.444078
562772,111.118593
562884,729.689294
564180,729.689294
564412,360.689847
564580,360.689847
564880,360.689847
564936,573.233307
565296,380.294515
565336,380.294515
566288,380.294515
566772,602.869549
567080,308.543367
567824,227.636999
568412,753.45835
568580,753.45835
568596,32.487968
568880,32.487968
568936,583.78257
569336,583.78257
569568,583.78257
570288,583.78257
570548,288.176603
570740,385.217264
571080,509.579165
571656,120.917502
571824,631.557025
572880,631.557025
573336,631.557025
573568,631.557025
574288,631.557025
574376,584.425535
574548,633.626194
575080,76.722239
575656,691.878994
575824,667.031003
575884,16.748586
576032,16.748586
576232,33.519039
576304,33.519039
576880,33.519039
577212,227.070156
577336,227.070156
577568,227.070156
578276,227.070156
578280,648.705399
578376,576.353567
578684,86.9561
578704,288.404229
579220,105.05906
579400,105.05906
579632,105.05906
579656,613.439757
580704,301.864998
580880,301.864998
581120,301.864998
581172,99.548738
581364,99.548738
582076,332.030887
582276,332.030887
582376,636.20827
582456,636.20827
583220,542.818656
583632,542.818656
583744,542.818656
583748,542.818656
585172,639.558555
585340,639.558555
586076,614.069147
586376,662.004188
586896,94.375205
587220,630.393116
587632,630.393116
587688,335.554115
587744,335.554115
587748,335.554115
588292,143.345579
589172,735.542272
589340,735.542272
589580,735.542272
590304,429.765959
590896,633.958247
591632,633.958247
591676,173.470515
591748,173.470515
592292,448.156358
592588,642.907708
593340,642.907708
593580,642.907708
593660,324.946115
593764,324.946115
593804,103.504126
594304,636.820216
594504,636.820216
594952,261.000337
595748,261.000337
596292,724.482307
597028,601.528866
597580,601.528866
597660,654.897477
597764,654.897477
598480,654.897477
598504,654.897477
598836,246.414901
598940,19.761604
598952,603.111684
599184,503.246144
599552,503.246144
599556,93.119144
599748,93.119144
600148,93.119144
601028,567.678888
601288,567.678888
601764,567.678888
602480,567.678888
602952,660.436268
603184,578.276106
603552,578.276106
603556,650.920309
605008,198.843677
605024,400.435007
605028,631.944802
605288,631.944802
605536,379.200779
605764,379.200779
605852,171.762241

606212,171.762241
606676,45.14959
607588,200.743635
607928,81.100965
608280,61.92001
608392,318.815398
608660,73.175713
610212,668.481316
610388,218.98456
611208,204.930645
611688,244.22656
611784,244.22656
612132,244.22656
612196,536.568353
613184,200.722218
614160,200.722218
614212,200.722218
614228,199.845686
614388,684.771826
614624,75.333699
614992,75.333699
615208,510.107621
615328,510.107621
615368,144.168998
615688,595.781984
615784,595.781984
616132,595.781984
616228,595.781984
616564,595.781984
616760,214.773042
616984,63.088356
617040,63.088356
618120,218.045711
618388,596.956417
618588,596.956417
618724,572.015622
619200,211.275655
619208,784.53717
619328,784.53717
619360,48.904992
620228,48.904992
620668,235.793004
621040,235.793004
622120,730.431174
622588,730.431174
622632,564.126764
622724,664.96185
623328,664.96185
623956,664.96185
624228,664.96185
624668,547.131559
625040,547.131559
626120,571.681263
626360,68.191686
626588,68.191686
626632,657.389106
626724,747.612391
627708,250.709394
627956,599.547562
628228,599.547562
628424,286.63771
629040,286.63771
629540,286.63771
629696,414.367472
630588,414.367472
630724,694.0114
630772,694.0114
630928,694.0114
630992,694.0114
631708,585.47612
632424,656.096527
633040,656.096527
633540,656.096527
633696,631.709742
634724,691.643771
634772,691.643771
634992,691.643771
635316,302.635808
635360,302.635808
635708,567.902909
635840,185.815997
635980,768.635508
636096,54.480849
636308,79.152479
636612,79.152479
637040,79.152479
637616,339.432395
638772,339.432395
638992,339.432395
639316,819.597516
639348,350.17637
640096,748.313741
640308,632.59289
640336,27.943116
640612,27.943116
640744,27.943116
640908,27.943116
641040,27.943116
641200,205.863619
641808,205.863619
642944,397.335382
642992,397.335382
643316,605.080789
643348,738.682604
644908,738.682604
645040,738.682604
645200,518.130999
645300,518.130999
645360,427.233427
645504,447.382195
645808,447.382195
646320,142.397528
646844,142.397528
646988,142.397528
646992,142.397528
647316,817.120475
647576,817.120475
648184,817.120475
648908,817.120475
649360,681.896571
649472,476.344139
649504,615.956184
649696,57.063034
649784,32.880095
649836,32.880095
650988,32.880095
651316,571.654313
652184,571.654313
652908,571.654313
653360,640.643377
653696,714.248781
653736,329.551405
653784,677.876106
653836,677.876106
654128,102.442952
654160,102.442952
656020,415.617741
656184,415.617741
656908,415.617741
657200,553.967753
657360,661.63506
657784,616.958618
657836,616.958618
657956,616.958618
658160,616.958618
660020,686.495115
660120,23.145494
660236,411.703406
660256,639.850782
660660,639.850782
660908,639.850782
661168,142.084793
661360,669.338616
661836,669.338616
662160,669.338616
662892,669.338616
663920,465.668349
664120,605.373491
664256,653.724525
664908,653.724525
665360,786.589627
665836,786.589627
666160,786.589627
666512,786.589627
666892,786.589627
666924,510.096031
667920,633.853902
667940,633.853902
668120,644.332198
669360,667.156905
669380,667.156905
669456,430.970859
670160,430.970859
670488,430.970859
671776,430.970859
671920,753.310114
671940,753.310114
672120,630.039939
672304,67.181446
672796,67.181446
673360,880.501326
673380,880.501326
673456,766.289098
673652,43.963896
674160,43.963896
675396,43.963896
675920,742.641925
675940,742.641925
676304,595.530294
676460,595.530294
676796,595.530294
677360,755.020008
677652,734.589788
678160,734.589788
679920,673.317544
679940,673.317544
679980,-3.565697
680300,-3.565697
680304,687.533316
680460,687.533316
680796,687.533316
680800,91.578642
681360,513.067856
681652,602.728361
682160,602.728361
683980,592.361373
684300,592.361373
684460,592.361373
684560,706.688651
684568,706.688651
684796,706.688651
684800,736.737129
685604,305.16667
685652,768.994136
686160,768.994136
688300,768.994136
688560,775.02904
688568,775.02904
688796,775.02904
688800,647.492309
689604,688.020196
689652,654.956273
689860,654.956273
690004,101.296842
690044,236.77888
690160,236.77888
690832,182.250528
690880,182.250528
690936,182.250528
691708,268.944908
692300,268.944908
692560,747.687508
692584,184.744881
692788,78.572455
693604,795.69403
694160,795.69403
694832,685.213242
694880,685.213242
694936,685.213242
696064,262.653227
696300,262.653227
696584,768.568908
696788,692.460056
697604,634.908557
697856,223.916212
697960,223.916212
698160,223.916212
698936,223.916212
699240,282.866019
700020,282.866019
700064,701.753259
700300,701.753259
700788,638.957425
701068,391.457927
701164,76.74323
701392,76.74323
701604,819.566221
701960,819.566221
702160,819.566221
702376,295.063447
702504,295.036078
703060,101.872905
704064,649.493441
704300,649.493441
704396,649.493441
705392,649.493441
705404,415.241529
705604,796.266982
705960,796.266982
706028,800.853288
706160,800.853288
706884,800.853288
707140,800.853288
708064,661.606412
708396,661.606412
709016,661.606412
709024,542.817515
709456,68.490689
709604,690.690381
710028,747.265825
710808,254.274618
710884,254.274618
710920,35.709341
711140,35.709341
712064,598.815691
712308,463.442046
712396,463.442046
712492,123.050604
713016,123.050604
713168,123.050604
713604,684.258963
714920,670.066654
715140,670.066654
716004,629.155898
716396,629.155898
716492,681.288216
717016,681.288216
717168,681.288216
717604,666.685866
717676,666.685866
718600,666.685866
718920,681.013427
719028,681.013427
719140,681.013427
719904,491.127818
720004,643.541319
720028,228.275736
720188,49.851938
720568,115.561823
720668,590.426214
721104,146.852683
721168,146.852683
721220,146.852683
722300,261.33756
723028,261.33756
723140,261.33756
723344,261.33756
723460,261.33756
723832,228.529334
724028,712.097672
724188,686.339789
724668,553.151386
725220,553.151386
725288,137.990123
727028,137.990123
727344,137.990123
727460,137.990123
727832,738.050437
728028,531.29014
728188,655.318808
728936,224.793661
729220,224.793661
729288,714.588945
730652,299.613845
731028,299.613845
731212,299.613845
731344,299.613845
731460,299.613845
731872,670.388824
732188,827.648097
732332,827.648097
732632,472.193439
732828,187.418649
732916,174.076884
732928,174.076884
733288,699.789145
733504,699.789145
733880,699.789145
735072,699.789145
735344,699.789145
735600,699.789145
736632,728.147288
736828,710.574281
736916,774.454393
737288,633.999873
737408,143.98567
737540,143.98567
737880,143.98567
738416,271.074125
739344,271.074125
739600,271.074125
739820,271.074125
739888,271.074125
740916,831.123531
741168,35.197098
741288,672.390386
741408,754.87608
741540,754.87608
741864,754.87608
741880,754.87608
741924,128.269995
742416,698.941696
743168,698.941696
743820,698.941696
743888,698.941696
745168,623.203122
745288,751.970046
745864,751.970046
745924,768.573314
746416,779.861457
747168,779.861457
747612,553.286325
747780,49.87868
747820,49.87868
747888,49.87868
749168,611.508921
749680,150.165138
749864,150.165138
749924,756.079284
750016,756.079284
750088,733.506004
750100,37.802891
750560,592.218313
750644,592.218313
750716,34.915084
751820,34.915084
751836,297.254021
751888,297.254021
752508,135.593115
753468,206.230386
753680,783.486128
754016,783.486128
754088,771.919078
754100,786.116921
754404,42.377953
754644,42.377953
754872,201.121263
754908,201.121263
755820,201.121263
756084,415.132069
756592,415.132069
757680,781.993557
758016,781.993557
758404,715.746174
758644,715.746174
758872,689.502329
758908,689.502329
759008,689.502329
759292,689.502329
760084,736.262079
760592,736.262079
761680,742.614554
761904,385.72165
762404,726.144118
762644,726.144118
762872,754.335897
763008,754.335897
763292,754.335897
764388,390.43435
764592,390.43435
765680,680.375757
765904,734.568883
766400,342.764836
766644,342.764836
766872,891.269509
767008,891.269509
767292,891.269509
768592,891.269509
769680,784.455638
769904,782.498267
770400,753.356341
770644,753.356341
770872,768.261506
770984,203.37017
771008,203.37017
771104,251.994973
771292,251.994973
771772,251.994973
772592,251.994973
772996,251.994973
773212,251.994973
774120,251.994973
774400,559.095392
774872,647.803577
774984,706.770232
775008,706.770232
775104,740.078572
775528,132.534579
776760,358.215198
776996,358.215198
777212,358.215198
777728,358.215198
778120,358.215198
778400,779.883047
779008,779.883047
779104,849.109812
779216,849.109812
779528,774.252531
779740,38.056859
779928,38.056859
780460,38.056859
780760,634.657006
780888,634.657006
781160,634.657006
781612,634.657006
782400,607.587269
783104,754.742733
783216,754.742733
783432,754.742733
783740,757.825146
784760,855.430082
785160,855.430082
785612,855.430082
785740,359.608722
786184,359.608722
786216,287.545285
786400,764.476303
786508,764.476303
787104,798.106177
787216,798.106177
787392,798.106177
787432,798.106177
787548,798.106177
788924,798.106177
789604,798.106177
789612,798.106177
789740,557.948899
790216,617.369128
790400,655.225287
790820,94.199065
790900,94.199065
791104,604.822866
791432,604.822866
791592,604.822866
791996,604.822866
792204,489.902728
793604,489.902728
793612,489.902728
793700,489.902728
793852,489.902728
794152,489.902728
794216,772.539829
794820,760.635104
794900,760.635104
795104,739.182343
795744,772.21428
797604,772.21428
797852,772.21428
798152,772.21428
798216,751.777679
798440,39.692467
798820,678.429982
798900,678.429982
799104,679.992339
799144,127.330028
799592,127.330028
799744,792.565686
800104,290.282456
800948,290.282456
801284,369.197186
801428,369.197186
801604,369.197186
801852,369.197186
802428,369.197186
803144,826.730488
803744,724.51818
804104,643.607645
804824,643.607645
804936,326.501273
804948,326.501273
805108,928.224928
805448,90.12841
805852,90.12841
806324,90.12841
806428,90.12841
807500,405.45505
807744,698.19916
808104,824.988088
808948,824.988088
809448,732.51037
809852,732.51037
810324,732.51037
810428,732.51037
810504,732.51037
810900,732.51037
811500,864.280241
811744,878.131763
812104,810.461627
812532,810.461627
812668,810.461627
812948,810.461627
813000,810.461627
813228,810.461627
813448,815.652697
813852,815.652697
814076,815.652697
815220,815.652697
815500,687.315865
815744,800.514369
816104,734.344466
816132,734.344466
817000,734.344466
817124,734.344466
817448,881.143968
817852,881.143968
818888,881.143968
819500,678.569018
819744,674.793478
819764,674.793478
820104,726.903411
820132,726.903411
820260,168.960826
820952,168.960826
821124,168.960826
821448,792.627165
821772,341.177355
821860,341.177355
821952,49.562723
822888,49.562723
823460,49.562723
823500,725.096255
823812,725.096255
823932,373.280963
824104,680.773082
824132,680.773082
825448,727.380266
825860,727.380266
827460,727.380266
827500,730.839632
827812,730.839632
827932,724.797434
828056,724.797434
828072,485.931818
828104,756.433602
828132,756.433602
828760,756.433602
829860,756.433602
831460,756.433602
831500,652.499656
831932,680.576814
832056,680.576814
832104,721.633352
832348,171.055433
832760,171.055433
832880,171.055433
833080,181.924386
833172,181.924386
833612,181.924386
833860,181.924386
833944,181.924386
835460,181.924386
835500,796.077725
836104,720.871442
836348,715.108182
836604,715.108182
836880,715.108182
836980,715.108182
837080,849.149856
837512,141.705279
837520,141.705279
837860,141.705279
837944,141.705279
838020,141.705279
839172,141.705279
839500,721.075065
840104,774.95543
840216,20.174261
840348,843.559238
840880,843.559238
841512,762.412589
841860,762.412589
842020,762.412589
842484,762.412589
843172,762.412589
843500,784.243562
844136,784.243562
844216,760.951789
844292,760.951789
844344,760.951789
844348,868.35748
845368,868.35748
845512,755.995025
846020,755.995025
846328,182.42094
847456,182.42094
847500,905.054244
848216,712.374151
848260,383.455591
848344,383.455591
848348,751.313995
848888,751.313995
849368,751.313995
850208,751.313995
851232,553.822731
851376,793.24852
851456,793.24852
851500,720.79406
852260,725.534147
852344,725.534147
852888,725.534147
853288,412.79213
853548,412.79213
854208,412.79213
855232,836.111003
855456,836.111003
855500,876.899351
855532,443.831505
855616,615.260682
856228,119.694805
856440,119.694805
856888,119.694805
857548,119.694805
857620,499.754264
858044,499.754264
858208,499.754264
858440,490.079766
859532,762.61118
860228,753.41733
860440,753.41733
861296,753.41733
861308,396.649035
861548,396.649035
861588,273.246833
861620,848.932759
862044,848.932759
862208,848.932759
862316,271.006548
862340,704.692243
862508,704.692243
862728,101.464935
862880,245.480927
863496,165.495706
864520,165.495706
864568,472.639853
865548,472.639853
865620,736.933149
866044,736.933149
866340,777.542665
866508,777.542665
866728,777.542665
867420,777.542665
867496,791.732341
868568,710.377441
868632,710.377441
868844,309.053227
868968,309.053227
869168,309.053227
869548,309.053227
869620,713.569998
869764,35.171414
869808,35.171414
870340,909.24336
870504,33.559023
870508,33.559023
871056,33.559023
871832,33.559023
872568,713.206716
872844,847.70462
872968,847.70462
873168,847.70462
873184,684.659153
873656,122.20523
874044,122.20523
874504,805.467627
874584,805.467627
874776,805.467627
875832,805.467627
876028,805.467627
876116,805.467627
876560,411.968253
876568,972.973303
876844,737.784153
876956,737.784153
877656,821.791231
877812,16.212915
878584,16.212915
878776,16.212915
878884,355.950701
879364,126.892253
880116,126.892253
880560,772.135717
880568,784.58481
880956,784.58481
881812,698.989449
882584,698.989449
882644,438.078008
882776,438.078008
882780,438.078008
883024,81.772303
883256,301.110875
883364,727.731167
883536,96.370461
884116,96.370461
884568,706.307738
884956,706.307738
886776,706.307738
886780,706.307738
887256,747.114313
887364,749.048252
887536,966.172059
888116,966.172059
888280,966.172059
888568,703.407477
888652,703.407477
888956,703.407477
890780,703.407477
891256,796.490059
891364,749.981542
891536,805.151067
891680,661.798114
891800,132.614369
892280,132.614369
892652,132.614369
892956,132.614369
893764,498.858277
893856,392.453346
894780,392.453346
894988,392.453346
895248,392.453346
895364,737.186423
895536,740.182831
895700,40.44277
896652,40.44277
896956,40.44277
897764,682.31251
897856,745.638593
898220,745.638593
898988,745.638593
899364,779.72642
899700,648.773832
899760,96.64016
900204,96.64016
900652,96.64016
900956,96.64016
901764,797.690136
901856,813.693252
902344,813.693252
902840,813.693252
903700,612.453336
903760,713.923342
904204,713.923342
904652,713.923342
905692,713.923342
905764,833.337173
905856,916.200522
906344,916.200522
906416,916.200522
906840,916.200522
907308,916.200522
907700,760.806435
907760,753.198997
908672,599.444062

