timestep,reward
104,-45.383889
208,-72.963296
360,-72.963296
364,-78.140137
384,-96.494346
396,-96.494346
480,-94.483013
520,-94.483013
532,-94.483013
584,-27.900541
620,-11.546359
652,-71.15117
664,-108.39998
672,-108.39998
680,-108.39998
720,-22.558036
740,-18.762336
844,-59.027068
868,-59.027068
920,-59.027068
1116,-59.027068
1124,-89.928609
1128,-90.10897
1284,-36.788238
1312,-36.788238
1396,-213.751809
1552,-42.236473
1680,-134.694438
1720,-186.313804
1880,-131.924797
1956,-58.34551
2156,-72.137338
2184,-205.843005
2440,-38.533046
2464,-134.488263
2572,-32.917487
2768,-27.518139
2788,-66.307007
2832,-168.708485
2944,-64.573712
3032,-55.132404
3036,-98.748589
3104,-46.874755
3204,-23.279457
3308,-36.053176
3368,-97.674392
3480,-38.369322
3612,-60.194601
4004,-60.194601
4112,-60.194601
4532,-60.194601
4584,-60.194601
4620,-60.194601
4672,-60.194601
4676,-60.194601
4708,-60.194601
4720,-1131.911616
4752,-1131.911616
4792,-1131.911616
4976,-60.035239
4980,-60.035239
5028,-60.035239
5176,-60.035239
5312,-60.035239
5324,-60.035239
5340,-60.035239
5424,-60.035239
5468,-124.222761
5488,-124.222761
5572,-16.078779
5576,-16.078779
5580,-16.078779
5660,-16.078779
5668,-16.078779
5688,-16.078779
5832,-16.078779
5964,-16.078779
5996,-16.078779
6084,-16.078779
6128,-16.078779
6148,-140.419554
6208,-19.233875
6228,-19.233875
6244,-19.233875
6332,-19.233875
6364,-19.233875
6484,-19.233875
6500,-19.233875
6588,-19.233875
6596,-19.233875
6620,-62.91944
6644,-62.91944
6712,-62.91944
6792,-56.678193
6820,-56.678193
6908,-56.678193
6940,-23.511019
7052,-46.634908
7060,-46.634908
7104,-1086.297099
7148,-1086.297099
7152,-6.293671
7160,-30.488249
7200,-30.488249
7248,9.890117
7288,9.890117
7336,-27.016436
7388,-10.361064
7396,-10.361064
7400,-10.361064
7480,-1101.02302
7544,-1101.02302
7580,-27.331555
7612,-1114.208571
7708,-9.686339
7760,-146.471874
7880,-146.471874
7988,-38.737758
7996,-38.737758
8020,-111.891558
8028,-117.321102
8064,-117.321102
8144,-64.151599
8240,-64.151599
8284,-37.989577
8380,-88.061124
8452,-88.061124
8584,-88.061124
8600,-88.061124
8616,-75.561289
8672,-75.561289
8724,-75.561289
8764,8.231573
8816,-11.111924
8884,-91.272397
9052,-53.410519
9168,-25.794784
9192,-77.450192
9328,-40.181152
9364,-40.181152
9480,-40.181152
9580,-122.535582
9584,-52.726154
9768,-36.063023
9812,-67.368494
9892,-22.793826
9960,-39.26479
10032,-39.26479
10100,-84.626817
10420,-89.196233
10456,-89.196233
10496,-34.814207
10588,-9.811678
10668,-9.811678
10784,-9.811678
10956,-9.811678
11048,-54.537681
11080,-54.537681
11148,-54.537681
11208,-54.537681
11248,-1148.408443
11420,-1148.408443
11460,-1148.408443
11500,-1148.408443
11504,-112.196114
11540,-132.268427
11572,-13.774296
11620,-11.760799
11804,-11.760799
11816,-38.750404
11876,-38.750404
11988,-33.301501
12044,-17.592461
12132,-19.254311
12272,-67.03107
12368,-67.03107
12384,-59.496219
12464,-59.496219
12472,-59.496219
12480,-38.272474
12620,-94.239446
12632,-58.630094
12636,-58.630094
12672,-58.630094
12748,-50.757908
12824,-11.198966
12944,-75.554423
12972,-75.554423
13128,-97.337625
13184,-10.505619
13244,-3.57266
13304,-10.735886
13576,-10.735886
13616,-10.735886
13748,-91.021791
13804,-27.971348
13960,-1052.936432
14056,-24.486316
14088,-3.651892
14160,-15.352424
14188,-15.352424
14220,-15.352424
14292,-15.352424
14412,-53.701045
14420,-53.701045
14584,-53.701045
14588,-53.701045
14696,-53.701045
14824,-53.701045
14892,-53.701045
14932,-53.701045
14956,-53.701045
15096,-257.647303
15228,-257.647303
15408,-257.647303
15424,-257.647303
15496,-141.951001
15620,-1111.35557
15672,-30.395237
15928,-69.000193
16020,-11.849127
16084,-52.656523
16212,-49.999787
16348,-95.05843
16480,-72.487073
16552,-25.683337
16636,-25.683337
16676,-19.928074
16944,-1012.669524
17000,-1012.669524
17012,-256.602489
17128,-45.715132
17308,-152.321638
17344,-114.020725
17408,-10.216623
17492,-29.234408
17572,-41.156716
17664,-89.136512
17768,-89.136512
17968,-100.317659
18080,-23.482756
18404,-145.892818
18408,-33.209577
18412,-1127.078471
18416,-1127.078471
18516,-24.310097
18548,-27.803411
18624,-27.803411
18628,-31.47418
18644,-79.222906
18720,-79.222906
18892,-79.222906
18940,-79.222906
19028,-79.222906
19068,-79.222906
19076,-79.222906
19084,-167.342173
19236,-167.423805
19328,-82.204314
19344,-181.021969
19360,-181.021969
19424,-181.021969
19532,-181.021969
19588,-90.890181
19608,-90.890181
19632,-53.345962
19640,-53.345962
19756,-53.345962
19780,-53.345962
19796,-165.157237
19856,-38.437272
19868,-103.316093
19920,-7.855365
19936,-50.362978
19976,-22.330515
19996,-19.335968
20096,-19.335968
20136,-35.669034
20220,-35.669034
20236,-74.609298
20240,-74.609298
20252,-31.917833
20268,-31.917833
20604,-125.347503
20632,-125.347503
20648,-145.525604
20768,-55.900717
20840,-39.995582
20920,-17.34139
20964,-9.006259
21000,-9.006259
21116,-121.678064
21128,-954.848147
21136,-954.848147
21240,-101.166761
21308,-30.595757
21328,-38.885667
21500,-55.84719
21552,-10.165384
21608,-46.631664
21792,-42.580237
21820,-5.203272
21960,-178.623416
22088,-37.626223
22208,-149.270362
22384,-76.93316
22596,-114.627606
22680,-25.585427
23284,-116.597343
23400,-42.684774
23644,-28.969413
23756,-28.969413
23800,-26.24891
24180,-136.039686
24252,-970.875126
24268,-970.875126
24276,-970.875126
24372,-38.585535
24416,-38.585535
24556,-67.622188
24624,-67.622188
24632,-67.622188
24688,-67.622188
25116,-67.622188
25136,-67.622188
25208,-67.622188
25264,-67.622188
25528,-67.622188
25564,-67.622188
25772,-67.622188
25820,-993.209373
25976,-58.738387
25980,-58.738387
26028,-58.738387
26180,-58.738387
26184,-56.540373
26352,-56.540373
26384,-980.08454
26392,-45.936249
26416,-45.936249
26620,-45.936249
26636,-52.775439
26728,-52.775439
26792,-112.322334
26860,-39.93716
27068,-88.184801
27072,-88.184801
27216,-139.068402
27236,-38.800535
27308,-25.5636
27564,-25.5636
27616,-154.530711
27676,-31.602373
27724,-31.602373
27748,-59.432577
27808,-15.369156
27860,-15.369156
27996,-58.893222
28108,-26.540221
28124,-26.540221
28220,-26.540221
28252,-978.85901
28276,-978.85901
28328,-18.255792
28420,-26.373592
28492,-26.373592
28556,-951.432074
28580,-41.102086
28612,-41.102086
28632,-41.102086
28688,-128.603119
28760,-27.75531
28948,-75.702843
29116,-75.702843
29212,-79.725267
29400,-79.725267
29712,-217.341707
29772,-217.341707
29788,-217.341707
29880,-25.418985
29936,-186.931263
30032,-186.931263
30084,-42.366157
30128,-42.366157
30220,-56.405107
30504,-77.105577
30584,-13.239268
31676,-1043.275766
31872,-73.865881
32084,-52.888185
32208,-26.317509
32276,-26.317509
32392,-55.079036
32416,-55.079036
32480,-55.079036
32548,-36.885662
32580,-883.106902
32620,-21.261884
32716,-25.784691
32760,-25.784691
32876,-28.416229
32916,-28.416229
32940,-10.854636
33036,-10.854636
33124,-136.041581
33132,-136.041581
33404,-136.041581
33576,-71.054881
33632,-18.799658
33644,-18.799658
33772,-18.799658
33936,-979.394617
34128,-979.394617
34276,-979.394617
34308,-106.591469
34388,-14.191361
34396,-14.191361
34488,-14.191361
34496,-28.461696
34584,-966.355827
34616,-966.355827
34692,-60.560333
34940,-60.560333
35040,-60.560333
35088,-69.678728
35332,-69.678728
35384,-298.885122
35396,-298.885122
35440,-96.87954
35496,-22.055156
35664,-22.055156
35796,-124.592066
35816,-93.631259
35968,-93.631259
36036,-93.631259
36184,-126.797439
36200,-126.797439
36352,-54.519975
36432,-158.743583
36480,-158.743583
36500,-158.743583
36536,-9.367541
36552,-9.367541
36628,-9.367541
36684,-9.367541
36696,-20.532393
36740,-20.532393
36800,-20.532393
36808,-27.057362
36864,-22.829093
36884,-22.829093
36928,-22.829093
36932,-22.829093
36940,-931.708803
37060,-192.638998
37152,-192.638998
37208,-104.230968
37328,-83.545045
37752,-49.714614
37772,-49.714614
37936,-979.508543
38040,-93.260931
38144,-16.505036
38148,-16.505036
38188,-10.982842
38276,-10.982842
38408,-108.296363
38488,-41.955993
38620,-41.955993
38636,-41.955993
38796,-30.526393
38928,-52.442415
39008,-52.442415
39152,-45.30046
39216,-45.30046
39248,-27.661514
39260,-27.661514
39344,-28.462987
39408,-28.462987
39560,-28.462987
39732,-28.462987
39744,-28.462987
39956,-28.462987
40528,-28.462987
40928,-28.462987
41000,-28.462987
41060,-974.454272
41152,-974.454272
41252,-974.454272
41260,-974.454272
41304,-974.454272
41328,-941.596054
41340,-941.596054
41360,-941.596054
41396,-941.596054
41480,-941.596054
41492,-27.085361
41632,-27.085361
41716,-68.755556
41748,-68.755556
41832,-68.755556
42104,-68.755556
42176,-63.272327
42408,-970.682323
42744,-95.616453
42868,-186.184017
42876,-30.132878
43160,-42.220275
43252,-18.262406
43344,-924.064514
43356,-81.314087
43476,-21.185352
43640,-78.573955
43672,-5.476889
43700,-13.494536
43804,-49.131313
43956,-49.131313
44028,-83.834756
44180,-124.115382
44380,-34.559925
44448,-44.321263
44580,-12.171048
44672,-44.593402
45060,-878.509283
45112,-108.299111
45128,-101.243945
45220,-24.533535
45252,-24.533535
45504,-113.789253
45564,-20.825267
45580,-100.735291
45652,-182.592795
45680,-28.510174
45772,-20.010675
45832,-20.010675
45996,-66.300309
46052,-20.104742
46068,-20.104742
46104,-20.104742
46120,-26.994427
46172,-93.37059
46276,-131.86593
46292,-40.817842
46600,-62.832909
46784,-58.039413
46836,-58.039413
47032,-58.039413
47164,-257.20381
47220,-21.243023
47252,-916.123287
47256,-916.123287
47348,-162.574612
47428,-1.617327
47468,-82.814329
47512,-12.02125
47568,-46.237158
47608,-16.887846
47632,-13.163201
47656,-95.789363
47704,-6.71376
47728,-8.30486
47852,-46.977292
47956,-46.977292
48068,-69.738605
48076,-69.738605
48172,-159.639055
48188,-145.687056
48268,-31.166694
48280,-46.087786
48288,-6.129601
48324,-17.031584
48620,-98.460291
48704,-25.666654
48728,-79.859815
48840,5.772578
48960,-105.411688
49064,-105.852562
49084,-20.949207
49148,-22.678112
49196,-52.083893
49252,-52.083893
49300,-30.753878
49452,-48.572323
49484,-19.674668
49536,-15.633375
49552,-107.151724
49592,-5.930512
49680,-5.930512
49688,-15.919475
49804,-31.083452
49832,-31.083452
49880,-59.717476
50080,-59.717476
50120,-59.717476
50152,-62.416923
50204,-96.193331
50248,-33.027333
50276,-1032.209086
50344,-28.804553
50440,-180.800737
50444,-43.96579
50524,-43.96579
50560,-80.966322
50592,-17.061756
50696,-61.769801
50776,-4.683563
50840,-83.115449
50940,-66.619223
50972,-11.943556
51060,-65.095129
51128,2.734129
51184,-33.844145
51256,-33.844145
51360,-33.844145
51376,-50.901089
51704,-141.851467
51708,-62.627355
51788,-14.961716
51812,-204.853162
51828,-43.226458
51884,-6.040144
51936,-6.040144
51944,-31.741827
52040,-31.741827
52076,-88.114522
52116,-88.114522
52216,-88.114522
52288,-88.114522
52308,-88.114522
52316,-38.793912
52380,-13.886884
52392,-101.424815
52496,-24.532804
52568,-13.405834
52576,-13.405834
52648,-13.405834
52736,-47.470874
52988,-47.470874
52996,-116.539483
53104,-20.401003
53172,-20.401003
53180,-20.401003
53416,-20.401003
53488,-20.401003
53608,-20.401003
53716,-164.688673
54080,-164.688673
54388,-164.688673
54444,-164.688673
54592,-907.838852
54604,-907.838852
54708,-5.271378
55004,-5.271378
55036,-44.382493
55156,-44.382493
55276,-44.382493
55384,-44.382493
55788,-892.214304
56016,-892.214304
56288,-892.214304
56296,-892.214304
56428,-116.100446
56492,-116.100446
56604,-116.100446
56736,-852.405719
56984,-53.933964
57064,-135.590612
57112,-8.355223
57260,-48.909718
57280,-48.909718
57380,-87.328237
57404,-87.328237
57460,-37.555182
57488,-37.555182
57512,-12.202634
57572,-10.04871
57608,-10.04871
57716,-870.136483
57788,-870.136483
57848,-870.136483
57860,-87.543422
57900,-89.190636
58008,-89.190636
58140,-89.190636
58296,-55.359854
58376,-55.359854
58440,-55.359854
58560,-130.365825
58588,-130.365825
58684,-78.172617
58748,-6.914394
58760,-6.914394
59000,-25.448137
59036,-955.755729
59256,-955.755729
59280,-29.863359
59300,-210.209961
59304,-210.209961
59356,-3.203818
59468,-3.203818
59516,-65.92541
59528,-124.414391
59620,-54.589985
59780,-88.643998
59924,-55.947356
60000,-26.766355
60076,-103.280133
60108,-18.652206
60248,-54.116849
60264,-12.316337
60492,-36.144004
60528,-85.290301
60604,-85.290301
60632,-18.33462
60692,-4.805871
60900,-4.805871
61404,-4.805871
61448,-4.805871
61716,-784.391424
61768,-18.676781
61832,-41.899653
62060,-41.899653
62228,-41.899653
62416,-118.552844
62728,-60.881967
62760,-60.881967
62804,-60.881967
62864,-60.881967
62868,-60.881967
62992,-60.881967
63004,-55.821348
63084,-29.519195
63100,-29.519195
63140,-7.195162
63208,-7.195162
63468,-7.195162
63600,-7.195162
63640,-60.948902
63720,-60.948902
63840,-62.459696
63940,-62.459696
64144,-42.390498
64200,-42.390498
64272,-32.52163
64340,-6.957763
64528,-902.546363
64608,-902.546363
64636,-101.585572
64688,-22.047967
64692,-904.520905
64844,-108.366221
64900,-108.366221
64912,-60.306765
64940,-44.818904
65020,-29.711157
65220,-29.711157
65272,-29.711157
65412,-29.711157
65444,-189.270212
65556,-27.866371
65752,-170.667576
65784,-170.667576
65808,-16.369924
65860,-13.062602
65868,-13.062602
65880,-231.916309
66052,-35.124649
66088,-35.124649
66100,-30.455047
66172,-36.16792
66216,-33.654121
66220,-33.654121
66260,-33.654121
66272,-37.202543
66344,-37.202543
66396,-23.555192
66436,-32.273192
66444,-12.743266
66456,-12.743266
66640,-12.743266
66648,3.002891
66676,-82.666091
66720,-82.666091
66784,-25.543191
66928,-25.543191
67000,-1.900421
67032,-61.528137
67092,-12.719476
67100,-12.719476
67464,-12.719476
67468,-12.719476
67608,-12.719476
67808,-161.549198
67948,-161.549198
68024,-161.549198
68100,-161.549198
68268,-161.549198
68304,-683.95153
68464,-683.95153
68484,-683.95153
68652,-65.029165
68736,-65.029165
68832,-65.029165
68884,-65.029165
69056,-98.216674
69080,-98.216674
69108,-15.991112
69148,-15.991112
69264,-15.991112
69324,-48.956096
69368,-11.490447
69444,-11.490447
69468,-11.490447
69544,-11.490447
69556,-894.440521
69576,-29.814619
69588,-29.814619
69644,-29.814619
69760,-23.759559
70008,-23.759559
70368,-23.759559
70396,-146.169556
70468,-146.169556
70640,-146.169556
70884,-146.169556
70964,-118.439467
71000,-750.954027
71168,-8.348008
71248,-8.348008
71376,-51.344431
71468,-51.344431
71504,-20.433045
71508,-20.433045
71552,-96.864309
71624,-96.864309
71660,-96.864309
71692,-44.821229
71716,-53.181414
71808,-723.125976
71888,-18.250706
71936,-56.77139
71980,-62.108244
72052,-5.782311
72108,-26.332962
72200,-22.421251
72248,20.299846
72268,-22.797074
72280,-29.954116
72384,-22.488716
72416,-15.625969
72568,-72.549128
72680,-39.427989
72868,-84.151904
73092,-29.5897
73172,1.199536
73332,-38.211744
73440,4.444959
73556,-867.793027
73584,-26.51812
73588,-26.51812
73680,-26.51812
73752,-63.247434
73772,6.124656
73832,6.124656
73856,-39.329664
73952,-39.329664
73996,-30.535496
74112,-9.748213
74372,-9.748213
74504,-87.806879
74652,-87.806879
74728,-87.806879
74740,-59.480953
74840,6.953701
74980,5.109007
75060,-21.345002
75248,-21.345002
75624,-21.345002
75660,-21.345002
75720,-162.965968
76256,-162.965968
76364,-162.965968
76416,-801.177802
76592,-40.754129
76664,-40.754129
76680,-786.883784
76824,-786.883784
77040,-91.942111
77116,-8.743073
77164,-8.743073
77320,-8.743073
77356,-66.392345
77396,-129.054911
77468,-9.494268
77672,-29.01577
77708,-29.01577
77772,-26.424808
77832,-26.424808
77856,-777.16719
77928,-52.200893
78076,-27.025782
78136,-27.025782
78164,-44.05628
78344,-35.908384
78452,-25.888517
78484,-25.888517
78656,-119.351902
78704,-70.379875
78716,-5.624609
78728,-5.624609
78800,-5.624609
78828,-27.408888
78868,-27.408888
78904,-20.513796
78980,-5.120193
79096,-30.940475
79248,-30.940475
79316,-35.975472
79380,0.117616
79404,0.117616
79412,0.117616
79560,0.117616
79592,0.117616
79624,0.117616
79656,0.117616
79720,-746.950097
79852,-746.950097
80080,-71.976023
80128,-71.976023
80152,-71.976023
80264,-19.705361
80308,-19.705361
80448,-19.705361
80456,-660.546287
80560,-660.546287
80640,-34.492125
80688,-34.492125
80700,-34.492125
80784,-34.492125
80836,-33.87627
80876,-33.87627
80908,-33.87627
81108,-51.192504
81208,-51.192504
81308,-56.104702
81320,-56.104702
81436,-28.370488
81532,1.571054
82484,1.571054
82724,1.571054
82904,-831.376802
82936,-831.376802
82968,-18.927225
83176,-34.124502
83180,-34.124502
83312,-34.124502
83380,-783.664352
83440,-783.664352
83592,-783.664352
83628,-109.409494
83908,-82.329428
84068,-34.666209
84264,-799.160475
84400,-48.369982
84572,-38.761997
84624,-22.324434
84696,-7.948306
84700,-7.948306
84744,-40.165672
84852,-6.885879
84856,-17.794125
84868,-215.229402
84936,-13.931939
84956,-33.863205
85012,-15.045492
85020,-19.292184
85040,-53.804638
85148,-12.730637
85256,-25.871443
85268,-9.882716
85320,-9.882716
85496,-79.725022
85532,-722.641449
85672,-722.641449
85676,-33.553897
85856,-37.82631
86048,-48.865172
86080,-138.865418
86288,-54.660448
86336,-57.258788
86620,-68.262902
86740,-43.679491
86884,5.630355
87440,5.630355
87592,5.630355
88304,5.630355
88700,5.630355
89040,-764.304994
89240,-27.645765
89324,-18.961624
89672,-18.961624
89832,-18.961624
90048,-724.722875
90104,-135.777473
90168,-12.776726
90328,-38.002241
90336,-769.82799
90360,-46.35169
90552,-26.228042
90568,-60.273791
90668,-21.132412
90732,-18.067012
90800,-28.187578
90828,-22.763019
90856,-9.667799
90884,-703.388784
90960,-27.552118
91000,-1.364469
91152,-72.699238
91164,-37.019483
91204,8.812436
91212,-51.645591
91296,-12.495871
91440,-12.495871
91508,-99.769599
91572,1.904128
91776,1.904128
91932,1.904128
92120,-99.040799
92304,-99.040799
92340,-223.429275
92676,-223.429275
92700,-223.429275
92904,-223.429275
93048,-223.429275
93444,-210.052285
93548,-210.052285
93616,13.505528
93644,13.505528
93732,13.505528
93800,13.505528
93832,13.505528
93992,-65.059388
94116,-65.059388
94156,-65.059388
94204,-65.059388
94224,-65.059388
94260,-32.920761
94344,-20.784406
94364,-20.784406
94392,-3.720555
94416,-3.720555
94488,-3.720555
94568,-3.720555
94584,-3.720555
94628,-63.715617
94896,-63.715617
94984,-63.715617
95112,-82.310905
95152,-709.983784
95220,-17.746245
95248,-17.746245
95296,-720.973919
95304,-53.202553
95332,0.317478
95396,0.317478
95480,0.317478
95484,-27.672849
95532,-27.672849
95536,-21.242744
95616,-23.451498
95668,-33.02267
95724,-16.325392
95768,-72.846768
95772,-15.066704
95812,-15.066704
95872,-19.388593
95936,-19.388593
95956,-19.388593
96004,-19.388593
96020,-43.710984
96120,-24.216676
96144,-24.216676
96184,-24.216676
96228,-19.350321
96312,-33.619129
96376,-33.099738
96412,-33.099738
96484,-1.537039
96616,-66.506307
96632,-66.506307
96764,12.401035
96832,-38.597591
96856,-38.597591
96904,-38.597591
96936,-38.597591
96960,-38.597591
97008,-38.597591
97100,-38.597591
97136,-59.671657
97168,-30.091027
97276,-19.023747
97404,-19.023747
97428,-19.023747
97492,-14.865261
97536,-14.865261
97632,-14.865261
97640,-18.191199
97652,-18.191199
97756,-18.191199
97760,-18.191199
97804,-18.191199
97848,-18.191199
98196,-18.191199
98580,-18.191199
99036,-18.191199
99456,-18.191199
99516,-18.191199
99724,-722.226329
99760,-722.226329
99860,-16.899432
99872,-723.103389
99940,-7.765097
100144,-7.765097
100192,-64.58389
100404,-47.996823
100528,-17.775037
100580,-30.867544
100720,-33.5326
100956,-46.776797
101136,-677.485917
101412,-92.259572
101540,0.428518
101640,-684.800859
101760,-684.800859
101804,-684.800859
101816,-230.527652
101876,-35.701115
101960,-10.465559
101968,-10.465559
102044,-10.465559
102100,-10.465559
102148,-64.935536
102236,-64.935536
102344,-115.012485
102444,-19.044644
102528,-19.044644
102596,-29.227558
102840,-29.227558
103076,-40.498814
103088,-40.498814
103160,-10.503141
103560,-10.503141
103760,-10.503141
103820,-121.188506
103832,-121.188506
103888,-9.851556
103940,-670.945817
103960,-27.689567
104144,-27.689567
104156,-27.689567
104160,-27.689567
104244,-27.689567
104324,-27.689567
104544,-27.689567
104552,-99.954343
104860,-99.954343
105220,-150.655065
105540,-676.759549
105608,-51.753345
105668,-1.735037
105724,-17.502779
105864,-41.077418
105960,-33.929676
106148,-777.114629
106204,-4.752404
106212,-34.5232
106268,-14.470082
106404,-51.787215
106444,-8.889908
106552,-38.845736
106592,-81.951095
106700,11.437856
106976,-69.301314
107124,-50.986427
107244,-4.194573
107320,-78.542646
107428,-42.810231
107532,-50.963355
107684,-19.02215
107832,-19.02215
107960,-690.954285
107992,-39.011322
108156,-39.011322
108296,-68.069298
108324,-68.069298
108480,-68.069298
108792,-68.069298
108860,-68.069298
109236,-68.069298
109288,-68.069298
110004,-68.069298
110152,-68.069298
110444,-717.344529
110468,-717.344529
110560,-28.221186
110644,-35.073698
110784,-35.073698
110880,-35.073698
110956,-35.073698
111028,-35.073698
111196,-167.015278
111244,-167.015278
111260,-1.993648
111380,-18.851652
111472,-18.851652
111488,-20.948379
111532,-678.684717
111752,-678.684717
111832,-678.684717
111900,-43.71006
111928,-43.71006
111980,-43.71006
111992,-715.077268
112004,-715.077268
112012,-715.077268
112132,15.751927
112172,-47.714631
112212,-47.714631
112216,-47.714631
112276,8.877925
112296,-706.805691
112312,-706.805691
112368,-706.805691
112444,-26.507463
112468,-26.507463
112528,-86.671045
112540,-24.23455
112628,-15.331104
112680,-9.629544
112684,-33.032245
112760,-12.642003
112792,-12.642003
112880,-41.545257
112992,-28.981496
113128,-68.923448
113208,-102.441932
113564,-90.683032
113600,-50.623279
113628,-88.6813
113892,-58.921184
114888,-272.087735
115212,-94.420193
115712,-92.501313
115844,-18.883729
115980,-18.883729
116296,-613.763719
116368,-613.763719
116404,-31.853887
116484,-31.853887
116580,-31.853887
116772,-31.853887
116792,-31.853887
116836,-37.571127
116880,-37.571127
116896,-37.571127
116960,-37.571127
117232,-37.571127
117252,-37.571127
117264,-37.571127
117272,-37.571127
117372,-37.571127
117524,-140.967597
117600,-607.751004
117660,-607.751004
117708,-607.751004
117820,-607.751004
117892,-639.983738
117948,-59.300216
117968,-59.300216
118132,-34.222028
118236,-34.222028
118420,-72.689867
118480,-72.689867
118616,-34.623287
118852,-34.623287
119076,-34.623287
119276,-34.623287
119676,-34.623287
119944,-34.623287
120160,-34.623287
120296,-648.112444
120512,-648.112444
120656,-648.112444
120768,-648.112444
121120,-129.767625
121232,-129.767625
121252,-129.767625
121328,-40.268201
121368,-40.268201
121492,-40.268201
121556,-40.268201
121568,-4.828938
121644,-4.828938
121656,-7.319499
121660,-7.319499
121744,-7.319499
121772,-5.350198
121788,-5.350198
121892,-5.350198
121896,-5.350198
121932,-5.350198
121948,-653.039546
122080,-653.039546
122092,-28.245399
122116,-28.245399
122128,-28.245399
122132,-694.545503
122236,-1.434297
122272,-1.434297
122284,-1.434297
122304,-131.543285
122344,-26.801285
122412,-48.511977
122476,-18.801066
122576,-43.681912
122604,5.262389
122616,-591.742481
122656,-591.742481
122684,-7.852133
122700,-27.313848
122704,-27.313848
122728,-38.269594
122744,-38.269594
122840,-38.269594
122956,-38.269594
123000,-2.083012
123092,-9.089977
123176,-9.089977
123260,-30.810734
123332,7.047315
123360,7.047315
123432,-21.955101
123448,-2.987091
123576,-11.551919
123648,3.463638
123712,-77.782613
123824,-5.168841
124112,-45.641574
125492,-45.641574
126284,-45.641574
126412,-618.688664
126492,-15.429065
126612,4.189495
126780,4.189495
126840,4.189495
126928,4.189495
126996,-38.861535
127004,-38.861535
127032,-38.861535
127264,-38.861535
127352,-38.861535
127360,-38.861535
127384,-131.174631
127432,-605.553286
127460,-605.553286
127528,-605.553286
127636,-49.946477
127648,-586.980995
127676,-36.018827
127736,-36.018827
127940,-36.018827
128000,-36.018827
128112,-622.694573
128140,-622.694573
128228,-622.694573
128320,-622.694573
128420,-622.694573
128424,-43.430104
128688,-43.430104
128872,-43.430104
128972,-43.430104
129052,-43.430104
129072,-43.430104
129244,-43.430104
129396,-43.430104
129444,-43.430104
129452,-43.430104
129492,-43.430104
129508,-43.430104
129536,-43.430104
129652,-43.430104
129756,-43.430104
129796,-43.430104
129848,-43.430104
129896,-43.430104
130168,-43.430104
130312,-43.430104
130360,-43.430104
130572,-43.430104
130828,-43.430104
130860,-43.430104
130928,-43.430104
131124,-43.430104
131172,-43.430104
131352,-43.430104
131636,-598.323822
131648,-575.897785
131676,-571.464973
131704,-7.879273
131828,-19.124839
131844,-19.124839
131952,-55.629531
132012,-55.629531
132116,-28.711644
132160,-28.711644
132252,-14.034926
132348,-8.602145
132388,-8.602145
132424,-587.961204
132476,3.852156
132612,-17.617822
132628,-17.617822
132724,-21.140258
132796,-21.140258
132828,-35.768631
132900,-6.360727
133060,-21.577371
133136,-21.39924
133480,-21.39924
133524,-107.870585
133536,-107.870585
133548,-46.629155
133624,-17.925964
133848,-17.925964
133856,-17.925964
133892,-95.128322
133928,-95.128322
134128,-45.451068
134156,-45.451068
134164,-45.451068
134228,-145.653777
134328,-145.653777
134448,-77.44426
134548,-77.44426
134552,-70.631611
134648,-70.631611
134688,-33.518842
134820,-33.518842
134868,-5.232631
134876,-5.232631
134928,-5.232631
134944,-5.232631
134960,-19.961442
134996,-19.961442
135008,-12.084936
135172,-12.084936
135264,-91.669147
135336,-91.669147
135348,-20.6433
135416,-20.6433
135484,-20.6433
135488,-5.108101
135644,10.844878
135704,-597.730221
135808,-44.774379
135828,-525.793611
135884,-8.005334
135936,-23.385551
135964,11.049256
136016,-21.342132
136080,-21.130812
136216,-21.130812
136292,-21.130812
136296,-125.62541
136348,-28.460852
136560,-31.419785
136896,-31.419785
137660,-31.419785
137716,-31.419785
137800,-31.419785
138096,-31.419785
138312,-31.419785
139008,-561.177481
139172,-561.177481
139484,-561.177481
139628,-561.177481
139680,-561.177481
139840,-561.177481
139936,-561.177481
140016,-535.458066
140240,-535.458066
140348,-582.070556
140488,-27.212503
140560,-537.493394
140696,-25.30419
140736,-25.30419
140912,-42.916886
141548,-26.069159
141620,0.799398
141816,-9.529316
142016,-36.269244
142276,-36.269244
142312,-36.269244
142504,-36.269244
142564,-36.269244
142692,-36.269244
142940,-36.269244
143008,-435.015812
143108,-7.783109
143172,-7.783109
143260,-7.783109
143460,2.781698
144016,-553.104783
144240,-553.104783
144460,-553.104783
144540,-225.83094
144696,-524.117047
144840,-94.029042
144904,-13.578748
145040,-30.082265
145100,-11.495335
145324,-11.495335
145348,-115.095906
145388,-115.095906
145432,-51.24315
145528,-20.426643
145544,-17.908793
145684,-11.157625
145764,-31.94318
145832,-31.94318
145844,-39.235747
145924,-5.436514
145992,-37.098562
146016,-507.372736
146032,3.370413
146204,3.370413
146256,3.370413
146456,-27.043791
146500,-27.043791
146580,-12.295426
146636,-95.642237
146692,-95.642237
146756,-95.642237
146780,-95.642237
146788,-24.127041
146868,-130.464449
146892,-20.934778
146904,-20.934778
146940,-20.934778
146980,-32.481312
147116,-32.481312
147132,-66.902669
147176,-14.752677
147228,-14.752677
147260,-14.752677
147332,-61.341721
147340,-61.341721
147460,-26.360048
147464,-26.360048
147604,-26.360048
147632,-86.735684
147724,0.923058
147832,-24.583816
147960,-75.842517
148012,-75.842517
148080,-75.842517
148124,-72.353115
148140,-11.749919
148156,-11.749919
148176,-11.749919
148264,-22.381975
148284,-22.381975
148296,-22.381975
148300,-22.381975
148324,-18.763064
148364,-128.792151
148460,-128.792151
148516,15.57432
148524,15.57432
148540,-514.460484
148548,-33.580178
148668,-0.982067
148708,-0.982067
148724,-0.982067
148844,-27.732038
148864,-85.247289
149064,-58.35767
149132,-58.35767
149136,-67.433344
149164,-67.433344
149220,-15.269747
149248,-16.436748
149340,-16.436748
149488,-41.460685
149616,-41.460685
149664,-8.064614
149812,-31.534009
149988,-11.125938
150012,-69.3723
150404,-5.856286
150748,-63.048788
151008,-31.823569
151340,-31.823569
151580,-31.823569
151600,-147.899701
151752,-147.899701
151804,-26.329975
152008,-25.073878
152064,-25.073878
152168,-25.073878
152404,-16.237044
152456,0.326549
152548,-479.874894
152588,-479.874894
152724,-479.874894
152812,-25.705138
152844,-483.538052
153052,-9.639927
153132,-9.639927
153292,-9.639927
153380,-105.359511
153404,-105.359511
153532,-13.372634
153592,-13.372634
153604,-9.148038
153616,-9.148038
153712,-9.148038
153740,18.116906
153760,-89.604349
153828,-212.208685
153836,-20.178968
154028,-5.942707
154044,-5.942707
154264,-29.344273
154304,-29.344273
154308,-63.735842
155008,-490.135258
155580,-33.375673
155852,-36.95782
156088,-32.454713
156320,-23.296636
157592,-23.296636
157712,-23.296636
157828,-453.042255
157864,-453.042255
158164,-453.042255
158216,-453.042255
158264,-442.922774
158304,-442.922774
158308,-403.316211
158376,-403.316211
158540,-403.316211
158576,-403.316211
158624,-403.316211
158704,-403.316211
158732,-74.945283
158772,-74.945283
159072,-74.945283
159120,-74.945283
159152,-154.698798
159156,-159.304754
159248,-23.546507
159272,-23.546507
159404,-23.546507
159608,-23.546507
159644,22.065356
159760,22.065356
160228,22.065356
160320,-473.159732
160464,-123.677142
160616,-44.556795
160660,10.619412
160664,10.619412
160804,10.619412
160920,10.619412
161236,-51.153072
161340,-32.592711
161544,-34.044096
161712,-34.044096
162240,-34.044096
162540,-34.044096
162756,-34.044096
163000,-34.044096
163072,-34.044096
163116,-34.044096
163248,-438.583865
163304,-438.583865
163524,-438.583865
163600,-438.583865
163844,7.569969
164320,-372.924073
164568,-19.48039
164616,-412.403595
164740,-29.124806
164856,-16.524317
164920,-16.524317
164984,-9.373389
165044,-38.430379
165052,-8.998877
165192,-11.61408
165324,-11.61408
165488,-41.995168
165492,-41.995168
165544,-402.765647
166000,-31.890679
166076,-82.205947
166200,-19.461182
166312,-20.348938
166340,-20.348938
166848,-20.348938
166904,-20.348938
166948,-86.141826
167000,-86.141826
167072,-86.141826
167120,-20.975982
167268,-6.258415
167292,8.370036
167348,1.501703
167456,1.501703
167508,-22.056505
167516,-22.056505
167600,-22.056505
167844,-445.260973
167884,-25.811955
167912,-25.811955
167928,-25.811955
168000,-13.735045
168016,-56.300604
168184,-50.218714
168264,-50.218714
168376,-50.218714
168384,-6.088414
168420,15.218495
168532,15.218495
168584,15.218495
168648,15.218495
168764,-51.20147
168792,-21.046974
168812,-21.046974
168904,-30.971969
168908,-30.971969
168936,-30.971969
168968,-19.066774
169136,-0.090715
169192,-452.071322
169240,-8.259469
169416,-50.399475
169436,-7.126567
169524,-6.665661
169640,5.46981
169748,-1.832552
169828,-75.476153
169948,-75.476153
169952,-75.476153
169964,-29.901448
170032,-12.13514
170064,-9.197849
170072,-9.197849
170212,-9.197849
170344,-9.197849
170444,-24.145162
170512,-24.145162
170532,-24.145162
170552,-31.514488
170572,-22.640354
170676,-22.640354
170764,-41.32436
170908,-41.32436
170972,-129.55197
171052,-129.55197
171212,-129.55197
171228,-129.55197
171352,-129.55197
171368,-39.416596
171412,-39.416596
171456,-39.416596
171572,-39.416596
171576,2.431364
171728,-34.897962
171796,-34.897962
171844,-34.897962
171912,-34.897962
171972,-34.897962
172028,-34.897962
172056,-34.897962
172112,-34.897962
172244,-34.897962
172264,-34.897962
172344,-34.897962
172412,-34.897962
172564,-34.897962
172620,-34.897962
172644,-34.897962
172732,-34.897962
172740,-34.897962
172924,-34.897962
173240,-468.556513
173288,-468.556513
173296,-1.732298
173352,-1.732298
173412,-2.567082
173436,-2.567082
173460,-2.567082
173540,-10.63706
173656,-10.63706
173912,-10.63706
174196,-9.404587
174572,-358.062649
174728,7.88081
174764,-384.164056
174796,-4.339577
174844,-10.720462
174904,2.69983
174980,-6.922222
175044,-81.649944
175056,-20.197668
175108,-25.180025
175144,-25.180025
175216,-7.793976
175248,-2.418801
175580,-97.051198
175612,-89.974515
175728,-450.803393
175816,-450.803393
176020,-450.803393
176152,-65.74572
176244,-65.74572
176364,9.228337
176452,7.112911
176524,7.112911
176732,7.112911
176912,7.112911
177328,7.112911
177484,7.112911
177656,7.112911
177696,7.112911
177796,7.112911
177940,-125.144569
178100,-125.144569
178344,-125.144569
178400,-125.144569
178456,-24.245318
178624,-24.245318
178636,-24.245318
178900,-24.245318
178956,-72.458612
179016,1.807893
179068,1.807893
179084,-8.822202
179248,-399.157677
179580,-410.299421
179612,-391.438766
179660,-29.705761
179688,-34.116798
179724,-10.094228
179828,-17.969627
179892,-18.042905
180020,-18.042905
180044,-16.452903
180048,-74.121518
180120,-1.368625
180244,6.033631
180340,-4.979658
180444,-2.015817
180468,-8.891541
180524,2.208697
180556,0.978731
180892,-50.985485
181132,-10.025871
181224,-8.354158
181272,-8.354158
181312,-38.50333
181380,-38.50333
181416,-57.298932
181456,-57.298932
181620,19.618356
181764,8.486502
181860,-34.26004
181884,-43.97584
182124,-10.788502
182312,-15.694495
182588,-59.178882
182624,-59.178882
182676,-19.498067
182812,-19.498067
182900,-19.498067
183004,-19.498067
183068,-19.498067
183084,-397.076815
183136,-4.719237
183144,-6.040356
183240,-6.040356
183300,6.443495
183304,-9.050788
183584,-9.050788
183676,-9.050788
183688,-206.578613
183828,-206.578613
183864,-40.631844
184260,-40.631844
184416,-84.786137
184612,-84.786137
185028,-49.494074
185288,-34.004246
185548,7.981236
185860,-410.926682
185884,24.09468
186128,16.367863
186228,-45.463263
186232,-18.104174
186292,1.808231
186528,1.808231
186812,1.808231
187040,1.808231
187104,1.808231
187300,-369.252352
187424,1.407807
187472,-0.702525
187564,-0.702525
187648,-0.702525
187676,-0.702525
187828,-0.702525
187864,-297.475485
187876,-188.903354
187984,-41.512586
187992,-41.512586
188076,-41.512586
188196,-36.526804
188296,-37.266286
188340,-37.266286
188416,10.381729
188552,-23.139934
188884,-30.242252
189248,-63.188377
190228,-302.166035
190288,-302.166035
190476,-64.607085
190528,-64.607085
190600,-64.607085
190660,-64.607085
190836,-64.607085
190888,-64.607085
191184,-68.954266
191196,-68.954266
191472,-360.859916
191664,-84.396327
191672,-84.396327
191676,-84.396327
191796,-1.410921
191876,-1.410921
192076,-1.410921
192120,-1.410921
192264,-1.410921
192332,-1.410921
192800,-1.410921
192884,-143.776197
192900,-143.776197
192972,3.052118
193008,3.052118
193248,-171.444403
193408,-171.444403
193436,-34.209895
193536,-32.325414
193816,-31.15009
193964,-15.220349
194416,-61.389506
194552,-5.57114
194888,-5.57114
195028,-83.954509
195240,-27.929593
195500,-6.82049
195664,-279.725201
195736,-2.847415
195752,15.553327
195796,-296.770557
195956,0.375852
196028,-31.894012
196120,-31.894012
196348,57.530304
196424,2.650599
196644,-78.36917
196800,-78.36917
196860,-12.754322
196888,-12.754322
196980,-9.241598
197108,-2.556746
197388,-94.13562
197408,-94.13562
197480,-94.13562
197496,-94.13562
197552,21.259325
197580,-19.032742
197584,-19.032742
197644,-19.032742
197708,8.075652
197712,-6.375778
197792,-5.066114
197820,-0.33994
197896,-0.33994
198068,-32.2784
198152,-32.2784
198176,-32.2784
198788,-32.2784
198888,-32.2784
199240,-251.873961
199316,-251.873961
199420,-14.363542
199668,-14.363542
199796,-311.110709
199888,-311.110709
199904,-33.473153
200036,-20.825481
200184,-59.449738
200888,-59.449738
201380,-59.449738
201792,-283.810623
201896,-13.733293
202068,-251.184859
202136,6.701269
202176,6.701269
202444,-69.49981
202500,6.5115
202888,6.5115
203116,-13.556594
203240,-13.556594
203460,-13.556594
203684,-3.214498
203720,-3.214498
203800,-3.214498
203888,-3.214498
203900,-17.031234
203912,-17.031234
204036,-239.718252
204124,-18.343872
204184,-256.844823
204248,-256.844823
204364,-256.844823
204452,-256.844823
204520,-256.844823
204524,-24.711789
204596,-24.711789
204636,-8.333082
204688,31.564826
204700,31.564826
204704,1.815551
205052,1.676754
205160,-21.350447
205224,-59.699645
205236,4.531145
205380,4.531145
205440,4.531145
205532,4.531145
205548,-26.563052
205748,-1.721607
205772,-29.245268
205912,-32.784323
206036,24.584347
206104,24.584347
206124,-14.697398
206204,-8.925827
206380,-8.925827
206500,-219.498987
206512,-7.984672
206596,-44.83097
206664,0.810818
206764,-9.64573
206884,26.936969
207224,-10.205021
208164,32.325753
208228,-80.986221
208364,-80.986221
208520,-80.986221
208524,-233.94077
208700,-233.94077
208832,-21.812453
208856,-21.812453
208876,-21.812453
208880,1.831293
209004,1.831293
209012,8.76621
209060,-20.71593
209172,4.864186
209256,4.864186
209492,-46.750881
209560,-46.750881
209624,-25.974103
209860,-6.112869
210020,36.371447
210080,5.259404
210088,5.259404
210160,-0.556529
210276,-0.556529
210380,-0.556529
210444,-0.556529
210636,-0.556529
210664,-244.109818
210692,-244.109818
210896,-59.641056
211124,-40.986465
211256,-40.986465
211416,-62.239869
211424,-13.653664
211524,15.587371
211864,15.587371
212116,27.739747
212228,-243.665065
212332,-4.874638
212364,-4.874638
212404,0.890817
212648,0.890817
212720,0.890817
212812,0.890817
212912,-43.656197
212988,-43.656197
213136,-20.252157
213400,17.993139
214040,17.993139
214160,-206.833056
214304,29.620419
214312,-1.924046
214444,-1.924046
214468,-6.415968
214656,-6.415968
214764,-6.415968
215256,-6.415968
215324,-6.415968
215360,-29.48455
215416,-170.523507
215428,-51.817087
215492,-51.817087
215508,3.15932
215516,-5.951138
215556,-5.951138
215640,-5.951138
215712,-4.727393
215832,-4.727393
215948,-55.19143
216032,-55.19143
216096,-32.01347
216104,-32.01347
216116,-177.86458
216452,68.836272
216472,4.093881
216700,-22.700128
216732,-23.601546
216812,-23.601546
216844,0.084821
216908,43.889363
217084,43.889363
217124,43.889363
217248,-29.642889
217488,-127.469581
217620,-8.14715
217696,-8.14715
217764,-8.403538
218040,-8.403538
218048,-8.403538
218072,-0.478757
218308,11.941035
218364,11.941035
218580,-24.580531
218900,-24.580531
219016,-14.034142
219052,17.899728
219128,-6.790104
219212,6.564556
219280,6.564556
219832,6.564556
219884,-29.424269
220012,-7.005531
220116,-203.065805
220348,-203.065805
220844,-176.74169
221084,-176.74169
222364,-176.74169
222424,-176.74169
222616,-176.74169
222808,-176.74169
222920,-176.74169
223128,-275.758883
223832,-275.758883
223876,-41.405627
224012,-88.30736
224032,-88.30736
224116,-225.453412
224200,-225.453412
224228,1.923807
224348,1.923807
224464,-12.412551
224536,-12.412551
224844,-230.280702
224984,-9.85002
225128,-8.921113
225312,12.409084
225376,-163.651428
225408,-16.532525
225436,-16.532525
225468,-2.856025
225516,-1.407338
225788,-37.749916
225856,-37.749916
225908,-37.427201
226272,-43.111384
226308,-43.111384
226440,-43.111384
226472,0.598716
226616,-17.899574
226700,0.38622
226784,1.22409
226800,1.22409
226808,1.22409
226920,1.22409
227380,1.22409
227516,1.22409
228072,1.22409
228116,-124.004993
228124,-124.004993
228348,-124.004993
228412,-124.004993
228948,-55.481438
229148,21.254201
229228,1.839957
229468,-222.588634
229684,-222.588634
229908,-280.955557
230084,-3.669571
230116,12.469529
230132,12.469529
230176,-31.177899
230184,-31.177899
230248,-8.998749
230444,0.729437
230716,-24.04322
230784,-124.954208
230808,-124.954208
230880,43.461761
231124,18.398598
231304,5.936387
231328,5.936387
231356,37.267364
231376,-18.233968
231400,-15.8022
231464,21.774536
231576,6.0325
231720,15.542986
232008,15.542986
232072,15.542986
232124,15.542986
232164,46.003963
232212,-5.640816
232340,-5.640816
232708,-5.640816
232932,-5.640816
233088,-86.158836
233292,11.342389
233308,11.342389
233448,-18.5144
233544,-18.5144
233640,4.538823
233848,4.538823
234176,-191.708993
234184,-191.708993
234388,-191.708993
234480,-191.708993
234496,-191.708993
234528,14.57806
234568,14.57806
234572,14.57806
234856,14.57806
235140,14.57806
235344,14.57806
235584,14.57806
235792,14.57806
236048,14.57806
236056,14.57806
236164,-68.524135
236212,-113.26998
236696,-113.26998
236708,-113.26998
236996,-113.26998
237016,45.295378
237232,-10.00024
237304,-23.789746
237544,-23.789746
237604,-23.789746
237624,-1.762021
237640,-121.601795
237884,11.838735
238164,15.055913
238228,-10.982765
238488,-24.118839
238528,-136.759659
238608,-19.133043
238748,8.61946
238832,-19.114466
239016,14.544563
239124,28.649144
239232,21.610318
239308,24.875773
239468,-12.222387
239960,43.231547
240048,43.231547
240088,-28.52983
240208,-22.126018
240212,-166.823769
240272,-12.661407
240304,-30.435216
240656,-18.437872
240708,-18.437872
240756,-14.23271
240920,15.222398
240996,15.222398
241236,15.446462
241356,-3.266628
241392,-3.266628
241496,-20.360166
241520,-20.360166
241604,-20.360166
241620,-2.958977
241656,-2.958977
241744,-2.958977
241944,-4.684163
242140,-4.684163
242164,-113.673467
242416,-113.673467
242440,-113.673467
242484,-113.673467
242508,-113.673467
242564,-113.673467
242692,-14.853602
243000,-101.447097
243008,-101.447097
243144,-4.878138
243308,-4.878138
243340,18.736096
243620,11.136099
244048,11.136099
244128,11.136099
244212,-99.494407
244228,-99.494407
244332,-38.40804
244412,-38.40804
244556,-38.40804
244628,14.694935
244648,-37.336237
244656,-37.336237
244684,7.025468
244804,7.025468
244808,9.476012
245620,-104.548714
246080,57.388056
246432,-26.77981
246564,-26.77981
246584,-12.812452
246692,-40.212018
247008,-40.212018
247032,6.583517
247308,18.654211
247332,18.654211
247384,18.654211
247388,-8.775582
247392,14.506003
247468,1.102952
247540,18.063397
247596,-1.691686
247756,-1.691686
247876,13.986279
248000,3.569007
248648,-5.294345
248804,-5.294345
248808,-98.309116
248828,82.254803
248928,6.326702
249136,9.144084
249228,9.144084
249420,9.144084
249596,9.144084
249888,9.144084
250016,140.139075
250080,7.38066
250208,12.309832
250468,12.309832
250832,11.414446
251308,11.414446
251384,11.414446
251392,11.414446
251468,-15.715056
251756,-15.715056
252132,-18.06791
252248,2.680124
252600,22.137104
252648,-20.393559
252928,-68.332276
252968,-4.475264
253212,14.879959
253312,-24.727258
253580,7.198114
253616,10.239317
254080,-9.16099
254220,3.977433
254332,22.134754
254468,22.134754
254548,-34.866152
254832,-31.879168
255384,-31.879168
255392,-31.879168
255444,-31.879168
255756,-65.775669
255832,-65.775669
255980,-65.775669
256116,-65.775669
256648,-10.072728
256796,-16.179149
256972,3.401707
257200,3.401707
257300,3.401707
257312,7.828267
257488,7.828267
257588,7.828267
257972,7.828267
258424,7.828267
258548,-59.371692
258764,-59.371692
258840,-59.371692
258940,-0.205986
259012,-0.205986
259228,-31.666623
259268,-31.666623
259632,-31.666623
259756,-86.592967
259996,-86.592967
260160,-86.592967
260276,-86.592967
260400,-86.592967
260648,-86.592967
260756,-86.592967
260780,-86.592967
260856,-86.592967
260972,-37.646219
261000,-37.646219
261076,4.229017
261120,4.229017
261424,4.229017
261588,4.229017
261596,4.229017
261652,35.376171
261732,35.376171
261784,35.376171
262160,35.376171
262204,35.376171
262420,35.376171
262424,35.376171
262940,-20.384818
263060,-20.384818
263132,-20.384818
263228,-0.477603
263304,22.028826
263348,4.444069
263568,15.457912
263632,15.457912
263652,15.457912
263792,-8.083031
263816,17.823681
263900,-6.566239
264340,-6.566239
264480,-6.566239
265076,-74.78885
265152,7.276361
265652,-13.457176
265772,5.225424
265964,22.093662
266032,9.57493
266160,9.57493
266420,9.57493
267164,9.57493
267168,9.57493
267336,9.57493
267388,-45.755169
267652,-45.755169
267728,-45.755169
267816,36.539601
267864,36.539601
267900,59.584179
268124,-2.208001
268424,-9.302611
268468,-26.301539
268480,-26.301539
268512,-14.688315
268732,-23.335722
269152,18.947572
269164,-36.831247
269276,0.968411
269444,12.820499
269680,12.820499
269828,20.188546
269908,20.188546
271336,20.188546
271388,96.315206
271468,96.315206
271600,96.315206
271728,96.315206
271864,96.315206
272456,96.315206
272512,6.329523
272688,13.304146
273048,13.304146
273316,13.304146
273444,125.970368
273688,125.970368
273828,24.343821
273836,24.343821
273864,24.343821
273908,24.343821
273940,24.343821
273984,-2.89515
273988,20.617681
273996,20.617681
274184,-7.324219
274280,6.418823
274476,13.357425
274584,18.342622
274656,18.342622
274744,18.342622
275016,18.342622
275208,-33.304391
275388,79.330197
275480,27.376915
275728,27.376915
276560,26.5222
276736,24.150031
276972,100.117139
277044,13.131113
277444,10.386966
277712,5.042622
277808,31.234997
277836,31.234997
277896,8.303179
277944,8.303179
278100,8.303179
278256,-53.729749
278316,5.702727
278584,-17.433306
278656,-17.433306
278712,-17.433306
278792,23.539406
278952,-11.88292
279016,-11.88292
279364,-26.295663
279384,42.081873
279620,23.724956
279712,-23.230138
279728,-23.230138
279768,-23.230138
279836,-1.659191
280092,-1.659191
280440,-1.659191
280520,-1.659191
280740,-1.659191
281808,96.294727
281864,96.294727
282656,96.294727
282712,96.294727
282896,96.294727
282952,39.553335
283024,39.553335
283096,39.553335
283364,69.093061
283608,29.257538
283836,71.811316
283920,71.811316
284440,71.811316
284444,-22.442003
284548,-12.560284
284556,-12.560284
284644,-12.560284
284700,38.980377
284764,4.447351
284788,18.447365
285008,18.447365
285060,28.099368
285184,17.68405
285228,17.68405
285320,17.68405
285348,1.532718
285456,2.100348
285576,0.802213
285804,0.802213
285808,43.234167
285864,43.234167
286436,43.234167
286564,51.034277
286676,16.039812
287052,16.039812
287096,16.039812
287168,-33.616078
287180,-33.616078
287268,1.561532
287512,1.561532
287540,37.94124
287592,37.94124
287804,37.94124
287920,37.94124
287932,37.94124
288100,37.94124
288204,6.405446
288268,6.405446
288520,6.405446
288588,6.405446
288764,106.761434
288940,106.761434
289020,106.761434
289180,32.022213
289576,70.940616
289784,70.940616
290180,70.940616
290364,69.684512
290524,32.304399
290584,16.005441
290676,66.746543
290924,66.746543
291096,66.746543
291116,66.746543
291348,66.746543
291448,66.746543
291504,26.243696
291544,26.243696
291576,26.243696
291788,26.243696
291920,26.243696
291984,26.243696
292052,26.243696
292100,26.243696
292488,26.243696
292600,26.243696
292656,26.243696
292764,90.591154
292872,90.591154
292960,90.591154
293056,90.591154
293220,90.591154
293276,68.440131
293320,68.440131
293372,46.724675
293972,37.93538
294108,37.93538
294584,91.913574
294676,138.686793
294772,28.211712
294836,-0.785538
295116,-0.785538
295432,14.365753
295748,34.237028
296324,88.865151
296656,88.865151
296800,68.230213
296872,68.230213
297064,25.437415
297320,25.437415
297372,112.860182
297844,112.860182
298004,112.860182
298108,112.860182
298280,112.860182
298564,75.003038
298584,65.218403
298676,-1.594566
298756,-7.749564
298808,-7.749564
298908,-7.749564
298996,-7.749564
299072,38.101318
299116,38.101318
299128,32.258134
299224,5.73502
299228,46.606116
299272,46.606116
299292,46.606116
299492,46.606116
299572,-7.669041
299600,-7.669041
299748,53.009717
299760,-22.458773
299800,-22.458773
299912,10.779798
299916,112.915192
300048,5.811362
300180,5.811362
300232,0.272426
300236,0.272426
300316,0.272426
300504,49.426299
300748,3.523503
300800,107.924866
300808,70.70686
300868,3.618612
300872,3.618612
300984,18.851321
301012,5.953016
301020,5.953016
301200,5.953016
301224,9.025811
301388,61.00501
301452,-8.928807
301564,12.353696
301772,12.353696
301808,3.366881
301900,52.006152
301904,52.006152
301976,13.578123
302000,13.169611
302048,13.169611
302284,13.169611
302536,34.993942
302556,118.627432
302752,7.212935

303108,7.212935
303316,7.212935
303424,15.446328
303488,17.186246
303552,-9.2187
303640,-11.657526
303776,26.780849
304092,4.2456
304200,-17.150704
304580,4.086236
304624,4.086236
304672,-40.995531
304744,15.093132
305232,22.986277
305516,33.632526
305780,33.632526
306820,52.537413
307108,134.026761
307316,134.026761
307532,134.026761
307576,15.164465
307776,183.366951
307944,12.876006
307964,12.876006
308204,88.800784
308216,15.351742
308580,130.609467
308860,-0.411255
309076,50.196117
309100,53.793401
309300,35.634406
309448,54.390031
309548,54.390031
309780,54.390031
309788,9.487088
310016,9.487088
310044,9.487088
310200,25.052635
310536,25.052635
310624,25.052635
310900,56.636882
311108,56.636882
311656,56.636882
311964,56.636882
312204,125.804444
312280,0.578451
312344,0.578451
312440,0.578451
312484,9.271383
312580,0.770806
312752,17.364916
312860,164.943651
313248,164.943651
313788,120.562422
313848,11.584684
313956,12.219354
314552,12.219354
314624,12.219354
314900,12.219354
315108,12.219354
315656,12.219354
316260,12.219354
316484,172.440174
316508,172.440174
316752,162.043551
316860,150.95224
316872,150.95224
317340,150.95224
317880,150.95224
317956,169.713048
318732,169.713048
318900,169.713048
318924,92.666337
318980,92.666337
319108,92.666337
319196,92.666337
319648,92.666337
319836,92.666337
320080,92.666337
320092,92.666337
320128,124.313291
320196,10.52148
320484,108.13359
320596,22.181765
320752,157.944539
320828,157.944539
320856,30.332382
320860,219.254375
320984,23.347754
321136,30.387066
321244,27.084805
321400,27.084805
321740,5.538
321756,5.538
321820,21.954985
321976,-4.040517
322500,-4.040517
323108,-4.040517
323236,-4.040517
323420,-4.040517
324092,-4.040517
324504,-4.040517
324860,267.47804
324984,260.877835
325060,260.877835
325296,260.877835
325424,36.069338
325464,36.069338
325740,218.855375
325756,218.855375
325976,257.202367
326240,257.202367
326472,257.202367
326996,257.202367
327268,243.435
327420,243.435
327844,243.435
328116,190.764185
328612,-9.395702
328624,-9.395702
328648,-9.395702
328708,-9.395702
328728,-7.397534
328996,-7.397534
329156,-7.397534
329424,218.727603
329524,87.361562
329632,41.977804
329740,295.482317
329908,13.407516
329944,13.407516
330064,13.407516
330152,55.141965
330472,55.141965
330908,77.943949
330996,77.943949
331256,77.943949
331268,192.133207
331292,192.133207
331396,3.357369
331424,29.455946
331476,-0.130355
331580,41.078309
331676,41.078309
331736,109.504583
331960,36.186859
332016,36.186859
332124,36.186859
332316,34.306434
332708,34.306434
333104,34.306434
333360,88.234352
333632,219.725033
333660,7.877596
333716,20.960774
334268,44.641249
334312,8.399598
334376,43.999559
334424,52.641118
334552,52.641118
334632,52.641118
334716,29.033685
334820,20.493504
335012,23.027379
335060,23.027379
335420,78.204012
335564,69.313966
335604,69.313966
335676,69.313966
335736,200.99958
335920,30.960045
336024,-13.232152
336080,-13.232152
336188,170.371728
336708,170.371728
336956,170.371728
337004,170.371728
337104,170.371728
338016,170.371728
338796,170.371728
339420,300.001688
339920,226.855359
340024,231.004301
340188,212.378462
340260,77.028837
340436,-23.042418
340708,-23.042418
340764,40.655939
340828,40.655939
340956,40.655939
341104,40.655939
341144,106.536162
341188,106.536162
341260,106.536162
341432,106.536162
341528,106.536162
341572,20.773308
341620,20.773308
342156,20.773308
342272,64.966152
342428,6.053813
342732,-10.372312
342736,-10.372312
342796,-10.372312
343220,102.441402
343260,102.441402
343420,253.067614
343604,26.839507
343680,5.36662
343760,5.36662
343768,20.304547
343844,20.304547
344024,44.15352
344180,44.15352
344412,44.15352
344604,80.039775
344776,80.039775
345164,45.951843
345620,45.951843
345652,72.349095
345984,178.52399
346148,62.635684
346732,277.606138
347288,127.247067
347824,127.247067
347940,64.662192
348024,346.879104
348180,346.879104
348412,346.879104
348452,81.687264
348692,81.687264
348776,81.687264
349028,81.687264
349448,81.687264
349488,81.687264
349604,174.186245
349660,174.186245
349768,174.186245
349800,174.186245
349888,174.186245
349984,244.696867
350056,66.395432
350092,66.395432
350624,51.632387
350704,7.41314
350732,240.638927
351040,11.804323
351220,82.22315
351352,35.542229
351488,18.10899
351720,18.10899
352024,220.609553
352088,220.609553
352296,28.146893
352444,28.146893
352692,28.146893
352912,170.313231
353092,170.313231
353164,170.313231
354092,170.313231
354344,170.313231
354668,170.313231
354704,314.989871
355052,314.989871
355164,314.989871
355352,283.509393
356200,283.509393
356296,304.264523
356788,304.264523
356872,304.264523
356912,361.407832
356952,361.407832
357388,361.407832
357704,361.407832
357920,361.407832
358168,361.407832
358216,361.407832
358244,361.407832
358672,361.407832
358704,308.043761
359056,308.043761
359352,285.640942
359408,4.178588
360188,4.178588
360296,300.192487
360316,114.691179
360528,-8.677268
360680,-8.677268
360712,-8.677268
360720,55.431007
360912,255.078626
361632,73.56386
361668,73.56386
361728,97.105088
361780,97.105088
361936,34.680677
361956,7.434446
362060,15.975189
362168,15.975189
362704,347.541132
362716,347.541132
362728,46.821651
362836,46.821651
362892,39.514885
363192,39.514885
363708,39.514885
364288,225.871339
364712,225.871339
364720,239.760046
364796,239.760046
365956,285.326016
365980,285.326016
366044,3.912539
366316,3.912539
366404,3.912539
366716,3.912539
366892,302.366381
367580,302.366381
368288,306.251876
368380,12.004885
368720,354.618429
368796,8.197549
369088,158.721459
369372,158.721459
369536,158.721459
369748,158.721459
369892,60.653914
370044,347.386089
370316,347.386089
370404,347.386089
370876,347.386089
370892,300.895242
371200,300.895242
371280,300.895242
371924,168.189428
371932,168.189428
372024,17.890795
372184,299.490982
372208,42.67513
372296,42.67513
372796,419.428148
373160,53.301589
373692,66.934369
373748,66.934369
374092,160.374754
374184,160.374754
374272,32.611964
374288,32.611964
374372,32.611964
374664,36.783283
374840,36.783283
374876,36.783283
374892,400.906529
375088,-0.444073
375144,80.045459
375344,92.129504
375388,92.129504
375776,92.129504
375792,92.129504
375804,74.361905
375920,22.656901
376100,83.188244
376116,83.188244
376184,336.498611
376212,336.498611
376220,336.498611
376356,54.40484
376596,54.40484
377052,61.31458
377148,-3.516436
377308,7.648759
377316,7.648759
377548,204.230026
377596,1.273269
378192,272.198213
378268,272.198213
378452,341.631017
378712,341.631017
378876,341.631017
379016,20.35717
379184,229.333696
379412,229.333696
380024,191.038473
380460,88.142677
380596,88.142677
381176,122.122705
381308,377.990103
381544,377.990103
381552,71.096592
382624,130.900691
382712,130.900691
382876,130.900691
383016,391.359513
383104,391.359513
383184,459.469322
383272,96.757026
383412,96.757026
383640,96.757026
383924,76.666398
385544,76.666398
385552,328.348527
386556,280.306534
386876,280.306534
386972,183.680429
387016,334.313966
387104,334.313966
387184,365.507522
387592,181.203207
387640,181.203207
387920,181.203207
388468,231.997122
388588,126.637633
388672,24.609268
388940,24.609268
389196,86.601806
389544,86.601806
391016,391.616506
391076,391.616506
391184,389.991995
391532,389.991995
391608,389.991995
391640,389.991995
391772,389.991995
391892,291.243098
392316,291.243098
392364,291.243098
392800,291.243098
392952,291.243098
393016,139.065537
393172,175.968114
393196,340.75041
393260,340.75041
393332,47.549089
393340,47.549089
394008,114.159935
394420,90.992156
394784,90.992156
394864,243.249777
394876,243.249777
394996,71.467381
395076,71.467381
395176,15.097724
395524,141.931402
395644,141.931402
395720,141.931402
395816,88.047188
396164,82.66235
396432,82.66235
396600,82.66235
396968,108.021365
397672,108.021365
397752,108.021365
397864,108.021365
398008,473.236679
398784,123.181193
399076,123.181193
399176,379.408226
399232,379.408226
399488,36.12259
399720,36.12259
399804,36.12259
399816,374.738512
399876,374.738512
400084,374.738512
400116,374.738512
400680,374.738512
400752,374.738512
400968,497.333823
401016,497.333823
401220,497.333823
401816,497.333823
401864,497.333823
402348,136.239627
402456,136.239627
402572,136.239627
402736,136.239627
402784,272.579432
403008,82.572856
403488,439.125151
403684,439.125151
403816,435.285611
403880,57.18099
404084,57.18099
404532,166.450385
404604,166.450385
404784,166.450385
404836,72.006735
404864,138.899283
405384,138.899283
405580,138.899283
405628,138.899283
405692,138.899283
405804,138.899283
406228,138.899283
406760,138.899283
406784,384.730592
407244,31.712426
407816,409.833098
408028,126.329752
408100,-7.702927
408836,384.883871
408864,449.756434
408924,11.201247
409540,11.201247
409692,11.201247
409864,11.201247
409876,108.576949
409936,6.613313
410228,6.613313
410364,6.613313
410412,6.613313
410556,6.613313
410760,6.613313
411816,417.26922
412100,441.191377
412112,441.191377
412320,441.191377
412416,58.07438
412768,433.843937
412924,386.897548
413192,198.784428
413616,159.900777
414364,159.900777
414412,159.900777
414488,128.451283
414556,128.451283
414612,128.451283
414624,10.907541
414876,67.742856
415240,251.527773
415328,251.527773
415416,251.527773
415772,60.59427
416248,60.59427
416416,539.894608
416924,412.199669
417448,412.199669
418612,412.199669
418876,427.770108
419328,427.770108
419412,373.683971
419772,427.708269
420248,427.708269
420416,460.242907
421008,46.852774
421216,46.852774
421264,46.852774
421660,46.852774
422276,313.658763
422376,15.852585
422568,229.827912
422612,229.827912
422876,520.150303
422992,62.63048
423324,62.63048
423412,467.269128
423692,27.802597
423900,27.802597
424248,27.802597
424568,27.802597
425224,350.037433
425264,350.037433
425384,314.245255
426376,326.375791
426840,326.375791
426928,115.675942
427496,91.840896
427688,91.840896
427692,447.264025
427720,230.415715
428116,50.233746
429224,437.011179
429264,437.011179
429452,437.011179
429548,437.011179
430176,132.528351
430352,132.528351
430840,132.528351
430904,135.148553
431496,484.428857
431688,484.428857
431720,463.075219
432076,182.376402
432116,429.647431
432448,84.963174
432460,84.963174
432560,87.104105
432840,108.56198
432908,70.752673
433452,70.752673
433548,102.904179
433688,167.779056
433800,33.099871
433896,60.5011
434208,60.5011
434352,60.5011
434840,60.5011
434976,299.9347
435240,30.658448
436116,401.102344
436460,401.102344
437408,401.102344
437516,143.711386
437772,143.711386
437800,491.790298
437896,423.165073
438168,423.165073
438208,423.165073
438828,423.165073
438840,423.165073
439084,187.573143
439240,469.859216
439804,469.859216
441516,461.871943
441772,461.871943
441800,517.609389
442316,100.855362
442700,100.855362
442828,100.855362
442840,100.855362
442952,100.855362
442972,117.864564
443072,25.716114
443084,482.544558
443240,509.650081
443336,509.650081
443380,509.650081
443608,509.650081
443804,509.650081
444096,509.650081
444140,509.650081
444192,349.027817
444664,67.139036
445020,67.309514
445220,298.992899
445724,396.194374
445912,396.194374
445940,330.607517
446000,-2.376203
446168,222.470395
446364,73.963673
446776,116.745541
446828,116.745541
447804,116.745541
447868,116.745541
448084,116.745541
448096,116.745541
448428,116.745541
449024,200.078411
449220,466.483803
449724,518.872846
449912,518.872846
450364,535.320582
450600,47.440655
451628,47.440655
452096,47.440655
452132,47.440655
452428,47.440655
452708,47.440655
453024,290.814618
453220,559.546559
453308,559.546559
453724,560.2916
453844,560.2916
454600,576.47486
454756,25.434174
454944,28.705204
455240,29.45395
455616,29.45395
456132,29.45395
456428,29.45395
456708,29.45395
456744,231.961562
457024,574.945433
457220,563.971177
457724,591.558971
457744,131.085774
458220,131.085774
459468,131.085774
459956,282.048516
460032,282.048516
460200,59.980882
460288,357.043429
460316,523.244275
460428,523.244275
460624,523.244275
460776,56.631894
461024,481.350024
461196,62.170027
461640,62.170027
461808,62.170027
462220,62.170027
462276,194.337212
462652,194.337212
463456,194.337212
463692,194.337212
463780,194.337212
464032,194.337212
464288,418.240357
464316,542.844532
464484,542.844532
465092,118.366962
465196,560.95569
465440,75.045987
465752,82.580693
466004,81.587995
466260,81.587995
466276,602.294217
466532,57.600156
466940,450.816714
467456,450.816714
467692,450.816714
467780,450.816714
468088,450.816714
468104,242.741348
468208,225.661177
470004,482.499083
470260,482.499083
470420,482.499083
470532,620.809544
470672,22.822083
470872,19.785004
470944,92.552278
471156,92.552278
471336,92.552278
471456,92.552278
471620,92.552278
471988,82.98164
472104,603.021221
472108,-0.948211
472208,478.31493
472308,269.757038
472368,61.202836
472380,61.202836
472564,16.005674
473336,16.005674
473512,16.005674
473672,16.005674
474420,16.005674
474960,16.005674
475188,16.005674
475780,543.597994
475840,564.0546
476108,617.969124
476248,617.969124
476292,617.969124
476296,617.969124
476564,556.103486
476628,121.270021
477384,222.913515
478052,109.269611
478184,109.269611
478420,109.269611
478448,273.676887
478596,40.4653
478924,106.930895
478952,421.989743
478960,421.989743
479384,68.173237
479716,68.173237
480292,68.173237
480300,225.312495
481384,558.98695
482184,558.98695
482420,558.98695
482596,652.756053
483216,145.119495
483224,628.52489
483716,628.52489
483848,628.52489
484064,628.52489
484292,628.52489
484300,585.701011
484424,542.747562
484476,542.747562
484564,84.691395
484628,84.691395
484776,110.283863
485120,110.283863
485204,110.283863
485396,110.283863
486184,110.283863
486332,110.283863
486412,110.283863
486436,676.189617
486764,71.688352
487460,71.688352
487520,71.688352
487760,71.688352
487804,173.910326
488308,173.910326
488424,512.24075
488440,582.880944
488580,13.906099
488688,28.533119
488776,562.997003
489612,562.997003
490184,562.997003
490312,562.997003
490988,363.773532
491280,363.773532
491376,55.449311
491456,55.449311
491460,55.449311
491804,530.467305
492580,698.349585
492776,618.709203
493020,52.940839
493156,62.713022
493180,62.713022
493464,62.713022
493612,62.713022
493780,62.713022
494364,62.713022
494468,62.713022
495376,683.854155
495804,535.737151
497020,624.905337
497032,624.905337
497104,22.40562
497140,22.40562
497156,718.655361
497180,718.655361
497612,718.655361
498012,718.655361
499376,590.161258
499804,576.614513
499972,576.614513
500412,575.230067
500860,186.529511
500960,300.360222
501032,300.360222
501104,558.718511
501180,558.718511
501476,65.525156
502012,65.525156
502856,65.525156
503972,65.525156
504412,733.094071
504860,575.420708
504932,575.420708
504960,545.664589
505180,545.664589
505224,58.815989
505452,58.815989
505476,571.087483
505564,10.246339
505808,10.246339
506012,10.246339
506668,10.246339
508412,431.14676
508860,553.367375
508932,553.367375
509224,588.671723
509396,588.671723
509452,588.671723
509564,608.313499
509808,608.313499
510648,608.313499
510852,250.625887
511568,344.133828
512412,431.228029
512460,161.801295
512716,161.801295
512860,618.615923
513452,618.615923
513808,618.615923
514004,618.615923
514468,618.615923
514648,618.615923
514660,618.615923
514812,618.615923
514852,727.449091
514936,474.750949
516460,623.393597
516860,598.76352
517068,33.562603
517252,29.596433
517336,29.596433
518004,29.596433
518660,29.596433
518772,29.596433
518812,29.596433
518852,716.176219
518932,227.812342
518936,674.087117
518940,17.570638
519468,82.714785
520008,82.714785
520420,82.714785
520460,597.939372
521336,597.939372
521444,597.939372
521592,597.939372
522276,597.939372
522772,597.939372
522804,597.939372
522812,597.939372
522932,620.979087
522940,610.59227
522960,610.59227
523468,630.457776
523664,630.457776
524092,630.457776
524140,630.457776
524308,630.457776
524320,358.69056
524460,615.422495
525144,615.422495
525620,615.422495
526812,615.422495
526932,588.765072
527468,623.742408
527708,159.76878
527884,75.753692
528092,75.753692
528308,75.753692
528320,487.537545
528460,671.977866
528488,671.977866
528524,166.747484
528548,166.747484
528572,166.747484
528624,166.747484
528704,32.50363
529308,32.50363
530812,32.50363
531708,597.662331
531992,58.374236
532320,612.048626
532444,28.07918
532460,622.766127
532548,622.766127
532572,622.766127
532704,601.07045
533308,601.07045
534372,320.396172
534812,320.396172
535992,745.907974
536280,68.245428
536444,720.39999
536460,606.724956
536548,606.724956
536572,606.724956
536908,606.724956
537304,606.724956
537308,606.724956
537640,606.724956
538360,340.272359
538372,622.913355
538728,622.913355
538812,622.913355
539412,622.913355
540280,498.021978
540444,565.250347
540848,413.330546
540908,413.330546
540912,69.77286
541304,69.77286
541624,69.77286
541640,133.419932
541976,133.419932
542360,594.644092
542384,594.644092
542812,594.644092
543236,211.56987
543756,211.56987
544280,637.75441
544912,721.570487
545640,791.229764
545976,791.229764
546384,791.229764
546812,791.229764
547044,791.229764
547236,746.849691
547756,746.849691
547964,746.849691
548096,746.849691
548280,633.152276
548912,528.78502
549640,625.349844
549812,625.349844
549948,154.691206
549976,154.691206
550120,154.691206
550696,154.691206
551044,154.691206
551236,678.070068
551644,678.070068
551756,678.070068
551988,269.576672
552280,649.114407
552492,100.443452
552928,100.443452
553336,100.443452
553852,100.443452
553948,807.784494
553988,374.455773
554524,374.455773
554552,107.989659
554696,107.989659
554748,107.989659
555236,594.739936
555468,594.739936
555676,216.934272
555692,109.132447
555748,109.132447
555756,109.132447
556396,109.132447
556492,703.9826
557104,703.9826
558104,409.39631
558552,739.600925
558588,739.600925
558688,739.600925
558832,739.600925
558920,739.600925
559676,690.100741
559748,19.508405
559820,19.508405
560120,19.508405
560412,19.508405
560492,726.846467
560760,370.215477
562104,658.627917
562832,658.627917
562920,658.627917
563300,658.627917
563748,657.960021
564120,657.960021
564412,657.960021
564492,711.150527
564572,711.150527
564760,660.778769
564784,660.778769
565324,136.201808
565736,136.201808
566104,591.637353
566920,591.637353
567008,591.637353
567748,652.624998
567952,413.876878
568120,413.876878
568380,413.876878
568492,586.870644
568572,586.870644
569180,586.870644
569724,586.870644
569856,586.870644
570104,921.239726
570328,921.239726
570492,921.239726
570728,921.239726
571008,921.239726
571748,529.961483
571924,505.914785
571952,688.550133
572012,11.176128
572024,11.176128
572304,72.874488
572844,165.160336
573196,165.160336
573436,230.179008
574104,875.230091
574228,875.230091
574492,875.230091
574728,875.230091
574760,313.177633
575008,313.177633
575748,659.176072
576040,37.980665
576060,37.980665
576768,37.980665
576844,704.460716
577080,704.460716
577212,218.243691
578104,736.792863
578228,736.792863
578492,736.792863
578636,736.792863
578728,736.792863
578760,592.910867
578884,137.114193
579028,137.114193
579176,137.114193
579640,137.114193
579888,137.114193
580064,137.114193
580136,137.114193
580400,137.114193
580844,724.554965
581212,676.302929
581620,88.597359
581700,514.679244
582636,514.679244
582884,638.90065
583176,638.90065
583888,638.90065
584192,426.479828
584400,426.479828
584760,613.406019
584844,674.717659
584940,26.488544
585260,119.046912
585388,109.647144
586432,109.647144
586448,109.647144
586876,264.285915
586884,681.546292
586912,681.546292
586960,12.928367
587888,12.928367
588192,730.574718
588400,730.574718
588600,503.591717
589272,503.591717
589364,239.545588
590056,591.627146
590348,217.494449
590912,217.494449
590960,540.170929
591272,254.230958
591316,254.230958
591680,254.230958
591780,254.230958
591888,254.230958
592296,254.230958
592432,461.66181
592600,710.519968
592948,710.519968
593096,69.583407
593272,69.583407
593856,69.583407
594960,797.348785
595272,706.739845
596296,706.739845
596432,699.982409
596744,369.114388
596860,369.114388
596948,369.114388
597096,686.392279
597856,686.392279
597984,686.392279
598304,299.697652
598448,24.568455
599016,456.575683
599060,456.575683
599272,629.600889
599308,77.82403
599380,77.82403
599888,77.82403
599976,167.351483
600316,167.351483
600860,167.351483
601096,566.510098
601556,566.510098
601696,132.229595
602448,640.383697
602688,193.311343
603060,193.311343
603308,779.724625
603888,779.724625
603976,728.427198
604316,728.427198
605556,728.427198

606212,728.427198
606384,30.091783
606444,53.587763
606556,22.027255
606584,46.324802
606744,54.758026
606848,54.758026
607128,154.585041
607456,154.585041
607756,154.585041
608148,209.305216
608192,363.339569
608480,41.650378
608616,29.30483
609240,266.569441
610212,751.960774
610744,749.289834
610848,749.289834
611456,749.289834
611756,749.289834
612608,749.289834
612616,790.292477
613240,653.658331
613460,43.431696
613920,722.01073
614064,722.01073
614744,713.358325
615020,50.095106
615456,50.095106
615756,50.095106
616548,50.095106
616608,50.095106
616616,620.121408
617460,743.338369
617920,637.997816
618064,637.997816
618316,637.997816
619020,740.286226
619456,740.286226
620020,740.286226
620548,740.286226
620616,811.044215
621356,463.227166
621460,739.566502
621920,667.314902
622316,667.314902
622888,667.314902
624020,667.314902
624548,667.314902
624616,663.562151
624848,37.561323
625012,37.561323
625236,37.561323
625264,37.561323
625356,784.20829
625460,618.61279
625920,667.985874
626168,162.432337
626316,162.432337
626448,71.047617
626452,71.047617
626744,55.598191
626888,55.598191
627384,55.598191
628596,55.598191
628848,718.356424
629264,718.356424
629356,778.934091
629492,178.740704
629920,728.812007
630744,763.434841
630888,763.434841
631276,375.653619
631384,375.653619
632540,276.649518
632596,276.649518
632780,77.82699
633264,77.82699
633356,710.687148
633920,846.315268
634744,675.824847
634888,675.824847
635384,675.824847
636596,675.824847
636672,675.824847
636780,716.056249
637264,716.056249
637356,769.762095
637556,94.105719
637812,94.105719
637920,781.751054
638140,44.587003
638744,645.660999
639336,126.603248
639384,126.603248
639640,328.315046
639852,143.129184
640596,143.129184
640672,143.129184
640844,143.129184
641292,162.422366
641356,715.130453
641812,715.130453
642140,760.711466
643384,760.711466
643640,643.37917
644672,643.37917
644844,643.37917
645008,805.300659
645256,805.300659
645356,740.227811
645620,740.227811
645812,740.227811
646140,693.166638
646844,286.105225
646928,696.636124
647020,696.636124
647284,82.310475
647384,82.310475
647488,82.310475
648236,363.949873
648708,285.991287
649116,96.050248
649356,695.026667
649620,695.026667
649812,695.026667
649828,695.026667
650140,678.583658
651148,410.136673
651384,410.136673
651488,410.136673
651568,410.136673
652236,774.251844
652820,500.431267
653116,848.120063
653272,848.120063
653628,200.40304
653828,200.40304
654000,200.40304
654760,231.109062
654856,528.046523
655148,811.776338
655312,811.776338
655440,165.784171
655488,165.784171
655604,195.128019
655832,64.586802
655872,147.93822
656164,147.93822
656284,147.93822
656736,147.93822
657116,849.124229
657272,849.124229
657392,60.6024
657828,60.6024
658200,228.101847
659440,702.319071
659832,698.881332
659872,745.568313
660284,745.568313
660528,192.122229
660736,192.122229
661272,192.122229
661828,192.122229
662200,675.921479
662552,95.716606
663832,867.109849
663872,894.207751
664284,894.207751
664528,821.658703
664736,821.658703
665272,821.658703
665440,223.29708
665724,223.29708
665768,532.718849
665828,532.718849
665924,532.718849
666352,532.718849
666368,381.38687
666460,381.38687
667872,828.441969
668736,828.441969
669440,711.807321
669624,711.807321
669768,730.270326
669824,-8.851483
669828,-8.851483
669864,98.315862
669924,98.315862
670340,101.379374
670368,713.94477
670504,713.94477
670744,224.881767
671872,802.803059
672736,802.803059
672864,802.803059
673828,802.803059
674340,877.653343
674368,702.928395
674504,702.928395
674744,703.080222
675424,263.998262
675872,806.568471
675964,275.22746
676260,77.854343
676624,77.854343
676736,77.854343
677332,77.854343
677348,77.854343
677828,77.854343
678504,77.854343
678572,448.359682
678660,448.359682
678744,699.335413
678808,54.930829
679424,725.389302
679620,725.389302
680260,783.640026
680540,783.640026
680804,783.640026
681136,593.009463
681332,593.009463
681348,593.009463
681472,263.632488
682044,164.571236
682492,82.436787
682808,685.137124
683424,737.122912
683620,737.122912
684804,737.122912
685048,433.106917
685136,716.478677
685332,716.478677
685348,716.478677
686272,277.558389
686492,784.54642
687424,774.559064
687620,774.559064
688804,774.559064
689048,643.426751
689252,426.110418
689332,426.110418
689348,426.110418
690272,756.365801
690492,838.892042
691256,838.892042
691620,838.892042
692360,540.355781
692804,540.355781
693048,1006.899811
693260,1006.899811
693332,1006.899811
693440,1006.899811
694272,923.843202
694492,904.12457
695620,904.12457
696360,889.448804
697048,757.423865
697260,757.423865
697332,757.423865
697440,757.423865
698272,716.69805
698316,716.69805
698492,712.40324
698880,100.38686
699620,100.38686
700360,937.418592
701008,587.437538
701048,854.311423
701332,854.311423
701440,854.311423
701732,854.311423
701996,854.311423
702228,854.311423
702316,854.311423
702880,754.696719
703084,754.696719
703620,754.696719
704088,754.696719
704360,837.960304
704612,436.852905
705008,751.2385
705048,853.688332
705564,170.993153
705732,170.993153
705792,170.993153
706352,170.993153
707028,170.993153
707264,170.993153
707620,170.993153
708360,766.944311
708536,766.944311
708612,729.510631
709048,890.282656
709564,794.076798
709732,794.076798
709812,165.99945
710968,361.019011
711028,361.019011
711112,377.522796
711264,377.522796
711632,377.522796
712036,377.522796
712360,658.402228
712428,528.182709
712536,528.182709
714968,880.400769
715028,880.400769
715112,798.254374
715264,798.254374
716036,798.254374
716360,723.982632
716428,753.419861
716536,753.419861
716908,753.419861
717164,253.298544
718876,253.298544
718968,659.197226
719028,659.197226
719112,722.533975
719264,722.533975
719584,693.499649
719952,693.499649
720024,693.499649
720028,789.248365
720036,789.248365
721164,307.27994
722468,307.27994
722968,971.133279
723112,930.796949
723264,930.796949
723584,639.422306
724024,639.422306
724036,639.422306
724768,639.422306
725164,829.438753
725340,829.438753
725608,117.522023
726904,117.522023
726968,725.259986
727112,777.379009
727408,100.591731
727584,680.255616
727684,503.030502
728036,503.030502
728288,503.030502
728448,248.348063
728536,248.348063
728732,248.348063
728768,248.348063
729264,248.348063
729596,248.348063
730376,248.348063
730904,248.348063
731112,658.064893
731584,755.027935
731684,803.456497
732288,803.456497
732448,831.548308
733152,831.548308
733596,831.548308
734296,673.470099
734376,673.470099
734496,673.470099
734904,673.470099
735112,897.70292
735684,807.103684
735880,797.913473
737152,797.913473
737196,294.859083
737420,294.859083
737596,294.859083
737656,294.859083
737812,521.548044
737912,521.548044
738296,779.337135
738456,779.337135
738904,779.337135
739112,850.938272
739188,850.938272
740284,850.938272
740752,322.847523
741196,766.223757
741656,766.223757
741812,866.378879
742296,811.843889
742456,811.843889
743188,811.843889
744284,811.843889
744752,741.774854
745196,817.326893
745656,817.326893
745812,790.556883
746296,918.034589
746456,918.034589
747188,918.034589
747256,493.440605
747864,493.440605
748284,493.440605
749196,680.05635
749628,131.07075
749656,131.07075
749812,751.527591
749824,751.527591
750296,830.487123
750456,830.487123
750632,830.487123
750860,830.487123
751256,767.733329
751272,767.733329
751328,767.733329
751424,767.733329
753628,724.759382
753812,929.24757
753824,929.24757
754172,630.009178
754860,630.009178
755256,751.273317
755328,751.273317
755396,751.273317
755424,751.273317
755520,751.273317
755756,751.273317
756240,751.273317
757076,751.273317
757356,751.273317
757628,872.449629
757812,792.194513
757976,792.194513
758172,772.613628
758520,772.613628
759256,822.563473
759264,822.563473
759424,822.563473
759756,822.563473
761076,822.563473
761212,503.668492
761628,869.880508
761812,780.553868
762064,60.289742
762464,661.662102
762900,661.662102
763184,249.328728
763264,249.328728
763424,249.328728
763756,249.328728
765132,691.91347
765212,873.072126
765436,55.857437
766464,924.814074
766900,924.814074
767184,860.849004
767264,860.849004
767424,860.849004
767492,860.849004
767756,860.849004
767772,579.465973
768020,579.465973
769036,445.315563
769132,853.866472
770464,764.841438
770900,764.841438
771424,764.841438
771756,764.841438
771772,1039.236868
772020,1039.236868
772380,1039.236868
773036,724.122677
773132,816.662555
773668,816.662555
774464,805.776441
774900,805.776441
774992,148.836225
775008,148.836225
775756,148.836225
775772,843.801891
776020,843.801891
776292,359.134887
777036,874.580166
777132,866.607714
777668,866.607714
777888,866.607714
778292,866.607714
779008,866.607714
779772,838.381482
780020,838.381482
780292,731.711488
780736,731.711488
781036,813.472133
781132,863.988576
781588,90.587249
781668,90.587249
782292,90.587249
782472,661.839042
782536,8.170983
782712,465.62186
784020,465.62186
784292,1067.89035
784736,1067.89035
785588,919.277002
785668,919.277002
786064,919.277002
786072,144.470729
786156,144.470729
786536,772.326579
786712,850.499627
787576,850.499627
787628,850.499627
787636,289.257521
788292,1069.010718
788736,1069.010718
788892,1069.010718
789052,1069.010718
790064,1069.010718
790072,693.992203
790536,843.119703
790576,117.853428
791628,117.853428
791636,793.42172
792292,698.063447
792440,698.063447
793052,698.063447
793468,698.063447
794536,953.728643
794576,1033.864483
795628,1033.864483
795636,780.503446
796252,397.032371
796292,899.362213
796416,46.354431
796440,46.354431
797052,46.354431
797368,46.354431
798576,677.301221
799536,744.625088
799628,744.625088
799636,780.107469
800292,947.055749
800440,947.055749
800704,947.055749
801052,947.055749
801352,947.055749
801368,947.055749
801788,947.055749
802576,810.818984
803536,898.837272
803636,846.03219
804292,902.551353
804440,902.551353
805352,902.551353
805368,902.551353
805788,902.551353
806576,772.341833
806776,772.341833
806936,772.341833
807536,982.095297
807636,810.78097
807904,119.229955
808292,752.357818
809352,752.357818
809368,752.357818
809748,752.357818
810220,752.357818
810576,987.095941
810776,987.095941
810936,987.095941
811008,987.095941
811236,987.095941
811268,987.095941
811476,987.095941
811636,1069.294167
811664,1069.294167
811904,814.216908
812292,909.151921
813580,501.9632
814220,501.9632
814576,888.581104
815008,888.581104
815236,920.510228
815476,920.510228
815512,920.510228
815664,920.510228
816236,920.510228
816292,868.296788
816500,44.508316
817280,44.508316
817360,44.508316
817580,828.155083
818576,935.014096
819008,935.014096
819236,852.160759
819664,852.160759
820500,807.43839
820564,843.13021
821188,562.611588
821280,562.611588
821360,562.611588
822780,562.611588
823204,562.611588
823236,741.72408
823664,741.72408
824476,741.72408
824500,923.389631
824564,718.751809
825164,718.751809
825188,966.66246
825280,966.66246
825460,297.487764
826360,297.487764
827204,297.487764
827236,876.912668
828564,934.605711
829164,934.605711
829188,836.953313
829280,836.953313
829460,761.755421
829960,418.2436
830360,418.2436
830552,418.2436
830664,418.2436
830724,418.2436
830804,833.994193
830940,833.994193
831204,833.994193
831444,199.08779
832620,199.08779
832900,199.08779
833164,199.08779
833188,732.136616
833328,31.544849
833460,757.600438
833840,757.600438
833960,974.833111
834460,974.833111
834588,974.833111
835336,974.833111
835412,419.169835
835444,862.87715
835948,862.87715
836900,862.87715
837164,862.87715
837328,921.713973
837460,761.183536
838460,761.183536
839412,818.171022
839444,988.005375
839508,19.367493
839948,19.367493
840228,236.789466
840772,236.789466
840900,236.789466
841164,236.789466
841328,975.55134
841460,967.276242
841712,85.693173
841880,143.573585
842452,230.404843
842460,230.404843
843020,355.37778
843428,76.717371
843508,954.769641
844144,954.769641
844228,806.547664
844772,806.547664
845164,806.547664
845404,806.547664
846452,868.290885
846664,868.290885
846908,868.290885
847116,868.290885
847428,823.145405
847508,725.726955
848228,859.464893
848772,859.464893
849164,859.464893
849368,859.464893
849404,859.464893
849620,852.311587
849884,852.311587
850296,852.311587
851116,852.311587
851428,876.11815
851508,864.976367
852228,881.655026
852772,881.655026
853368,881.655026
853620,924.717958
853812,924.717958
854296,924.717958
855116,924.717958
855392,659.584286
855428,1064.169959
855508,823.730445
857368,823.730445
857620,847.611437
857812,847.611437
858296,847.611437
859116,847.611437
859392,882.281493
859428,845.93618
859508,848.965602
861368,848.965602
861620,840.930053
861812,840.930053
861968,840.930053
862116,840.930053
862264,840.930053
862280,840.930053
862296,840.930053
862936,840.930053
863156,963.890889
863392,820.031878
863428,738.308167
864464,738.308167
865100,738.308167
865368,738.308167
865620,834.565337
865680,834.565337
866280,834.565337
866296,834.565337
867156,919.596955
867216,919.596955
867392,859.367651
867428,1108.999718
868712,441.097932
869100,441.097932
869620,908.329066
869680,908.329066
870280,908.329066
871216,908.329066
871392,1090.996241
871428,1149.430321
872712,970.006235
872860,970.006235
872992,970.006235
873100,970.006235
873212,970.006235
873388,970.006235
873620,1047.21997
873680,1047.21997
873724,1047.21997
874340,1047.21997
875216,1047.21997
875392,1082.370354
875428,853.263277
876712,1092.633952
877620,951.758059
877680,951.758059
877724,951.758059
877868,951.758059
878340,951.758059
879392,1016.469974
879428,815.098035
880712,1038.902469
881620,1176.096063
881680,1176.096063
881724,1176.096063
881868,1176.096063
881896,1176.096063
882156,1176.096063
882340,1176.096063
882700,1176.096063
882752,1176.096063
883276,1176.096063
883392,1039.764358
883428,867.27384
883944,162.712635
884312,106.817331
884712,952.377666
884976,377.18398
885620,939.260413
886156,939.260413
886340,939.260413
886752,939.260413
887224,939.260413
887276,939.260413
888312,1054.983382
888712,1019.757414
888976,915.392652
889500,915.392652
889620,919.552299
890340,919.552299
890752,919.552299
891124,635.966884
891224,635.966884
891272,635.966884
892312,1005.528521
892408,938.040371
892780,118.048339
893500,118.048339
893620,947.518587
894552,954.653808
894696,586.080654
894752,586.080654
895224,586.080654
895272,586.080654
896780,936.450785
897500,936.450785
897620,966.566832
898336,192.572655
898552,915.215771
898696,887.185069
898752,887.185069
899224,887.185069
899272,887.185069
899532,887.185069
899636,887.185069
900780,1005.501562
901592,898.858927
901864,898.858927
902336,966.039898
902420,966.039898
902552,1034.496648
902752,1034.496648
902948,111.433186
902980,371.680064
903100,708.722764
903224,708.722764
903236,708.722764
904476,708.722764
906336,924.592632
906420,924.592632
906752,924.592632
906948,897.451972
906980,1083.36848
907100,987.989733
907224,987.989733
908476,987.989733
909224,987.989733

