timestep,reward
48,-14.859466
68,-14.859466
72,-25.683907
104,-25.683907
120,-25.683907
132,-23.124456
192,-23.124456
236,-23.124456
276,-34.523891
280,-34.523891
344,-34.523891
348,-34.523891
364,-99.766924
372,-16.921662
476,-16.921662
484,-32.61269
552,-32.61269
580,-28.84021
676,-41.108486
720,-37.886454
728,-181.422917
760,-36.055131
772,-36.055131
800,-36.055131
848,-38.602499
864,-22.077094
868,-19.141193
956,-29.281255
964,-29.281255
1008,-29.281255
1036,-12.682873
1068,-98.663692
1104,-98.663692
1128,-15.703885
1156,-15.703885
1192,-15.703885
1208,-15.703885
1224,-68.964173
1244,-68.964173
1292,-18.430784
1460,-18.430784
1532,-18.430784
1564,-18.430784
1600,-149.70646
1604,-149.70646
1612,-22.106102
1652,-17.973423
1756,-17.973423
1820,-17.973423
1860,-17.973423
1872,-17.973423
1884,-86.313584
1936,-8.437973
1956,-8.437973
1984,-84.639148
2064,-22.80094
2172,-22.80094
2360,-79.2814
2548,-33.742437
2780,-80.259968
2816,-80.259968
2856,-80.259968
2896,-31.797461
3024,-31.797461
3040,-31.988064
3488,-31.988064
3620,-31.988064
3704,-31.988064
4180,-31.988064
4436,-31.988064
4548,-31.988064
4580,-1080.927231
4864,-1029.751273
4872,-1029.751273
5108,-60.69895
5156,-60.69895
5368,-102.191913
5776,-127.703882
5860,-15.039548
5936,-1057.532859
5956,-1057.532859
5988,-1057.532859
6156,-111.656856
6172,-111.656856
6180,-32.544605
6184,-32.544605
6428,-70.180486
6444,-70.180486
6516,-70.180486
6556,-31.440457
6564,-27.468383
6568,-27.468383
6644,-32.158569
6648,-43.473278
6660,-43.473278
6692,-10.259325
6824,-97.636483
6900,-36.554297
6924,-36.554297
6980,-112.988948
7032,-61.367982
7040,-1100.702286
7064,-1100.702286
7116,-31.755265
7232,-52.363626
7296,-55.518758
7312,-111.010206
7408,-16.965669
7440,-12.446263
7584,-12.446263
7684,-153.176015
7788,-116.314235
7952,-70.539013
7988,-57.161894
8024,-18.429584
8044,-21.303917
8204,-67.265661
8324,5.989957
8376,5.989957
8408,-32.532023
8576,-26.607368
8580,-1092.887497
8584,-198.019922
8696,-33.279373
8784,-50.132469
8872,-50.132469
8912,-38.188975
8916,-82.397414
8996,-18.999939
9012,-25.10965
9056,-25.10965
9076,-109.188196
9084,-31.365092
9244,-73.733476
9332,-92.787028
9416,-92.787028
9460,-92.787028
9632,-92.787028
9684,-92.787028
9724,-252.49289
9804,-190.767763
9864,-190.767763
9988,-190.767763
10028,-95.85364
10036,-61.070419
10080,-7.521424
10128,-19.344801
10180,-19.344801
10188,-28.117706
10256,-31.933877
10344,-32.84828
10400,-32.84828
10428,-32.84828
10488,-37.110204
10516,-37.110204
10660,-37.110204
10668,-37.110204
10720,-37.110204
10916,-37.110204
11024,-59.686645
11028,-59.686645
11224,-59.686645
11420,-59.686645
11440,-1104.953956
11472,-170.895795
11548,-31.001711
11556,-31.001711
11692,-45.437466
11856,-45.437466
11912,-45.437466
11928,-45.437466
12004,-45.437466
12020,-45.437466
12040,-164.335072
12108,-164.335072
12196,-164.335072
12308,-164.335072
12408,-85.699595
12448,-85.699595
12568,-85.699595
12572,-85.699595
12648,-17.73413
12760,-17.73413
12912,-17.73413
13024,-17.73413
13060,-123.020179
13252,-123.020179
13276,-123.020179
13332,-1053.891096
13384,-1053.891096
13552,-93.691269
13668,-93.691269
13740,-72.973696
13860,-72.973696
13892,-72.973696
13940,-78.165126
13960,-78.165126
13988,-78.165126
14104,-78.165126
14108,-10.381264
14220,-32.404228
14256,-989.943397
14304,-989.943397
14380,-989.943397
14484,-75.762883
14516,-75.762883
14548,-120.784527
14596,-120.784527
14612,-120.784527
14656,-120.784527
14700,-120.784527
14732,-120.784527
14744,-120.784527
14808,-120.784527
14828,-120.784527
14856,-103.047156
14864,-103.047156
14952,-10.636408
15008,-15.855439
15204,-43.63633
15308,-43.63633
15324,-11.357995
15368,-11.357995
15444,-35.223154
15528,-25.036074
15532,-25.036074
15632,-16.623236
15692,-1005.469962
15752,-40.474334
15764,-40.474334
15808,-40.474334
15840,-4.525586
16048,-4.525586
16076,-71.891487
16132,-17.044147
16276,-17.044147
16360,-62.651369
16412,-18.802956
16644,-32.976544
16744,-32.976544
17100,-32.976544
17164,-96.549937
17244,-28.386242
17332,-1053.82052
17380,-51.071126
17480,-23.39093
17544,-23.39093
17676,-53.213314
17724,-53.213314
17860,-53.213314
17916,-78.669009
17952,-78.669009
17980,-25.00087
18044,-25.00087
18056,-25.00087
18160,-68.207396
18484,-1035.759365
18492,-1035.759365
18548,-106.171642
18620,-106.171642
18724,-106.171642
18780,-81.396654
18848,5.927443
18864,5.927443
18932,5.927443
19040,5.927443
19092,5.927443
19140,5.927443
19272,5.927443
19348,5.927443
19368,5.927443
19420,5.927443
19576,5.927443
19660,5.927443
19704,-247.527177
19752,-1030.298621
19856,-29.140734
19864,-29.140734
19908,-44.539661
19956,-44.539661
20020,-19.107091
20112,-48.707488
20184,-48.707488
20268,-48.707488
20272,-50.046416
20380,-47.736107
20404,-47.736107
20432,-14.869189
20456,-14.869189
20480,-9.252645
20540,-5.72561
20564,-5.72561
20604,4.057616
20740,-17.510644
20796,-24.50729
20908,-30.8076
21032,-18.464537
21076,-15.177793
21332,-1009.615971
22044,-1009.615971
22124,-1009.615971
22208,-1009.615971
22256,-1009.615971
22548,-1023.736401
22700,-1023.736401
22720,-33.035993
22884,-42.29234
22896,-42.29234
23192,-79.134691
23420,-22.516463
23544,-41.926823
23864,-41.926823
23984,-41.926823
24020,-1017.351856
24280,-102.607462
24404,-102.607462
24500,-102.607462
24552,-102.607462
24564,-102.607462
24632,-95.22623
24668,-95.22623
24740,-56.238432
24844,-25.974538
24948,-25.974538
25076,-1050.954842
25148,-1050.954842
25152,-27.152076
25332,-63.167784
25388,-10.224297
25396,-10.224297
25424,-10.224297
25468,-17.925762
25516,-17.925762
25528,-44.13182
25696,-44.13182
25812,-44.13182
25856,-44.13182
25896,-134.80977
25964,-14.305682
26116,-14.305682
26280,-89.298233
26360,-89.298233
26436,-18.389431
26508,-18.389431
26568,-294.362616
26596,-294.362616
26620,-294.362616
26700,-294.362616
26852,-109.389251
26896,-109.389251
27136,-109.389251
27180,-109.389251
27196,-109.389251
27380,-109.389251
27432,-109.389251
27544,-1050.434559
27756,-1050.434559
27848,-42.051312
27912,-11.221983
27936,-431.790481
27984,-431.790481
28024,-42.676109
28040,-30.816179
28376,-104.347503
28488,-104.347503
28544,-34.613652
28764,-70.91197
28844,-910.665732
28912,-32.860088
28972,-100.206922
29040,-16.363046
29088,-22.997617
30112,-22.997617
30400,-22.997617
30436,-1013.994513
30572,-20.367998
30604,-20.367998
30700,-20.367998
30764,-20.367998
30988,-20.367998
31044,-20.367998
31180,-20.367998
31260,-20.367998
31412,-268.104225
31704,-114.882599
31728,-114.882599
31804,-8.491237
31932,-39.156268
31984,-39.156268
32040,-980.025626
32052,-980.025626
32232,-73.232243
32340,-175.326818
32448,-175.326818
32492,-51.334887
32508,-51.334887
32536,-51.334887
32588,-51.334887
32708,-51.334887
32728,-51.334887
32860,-51.334887
32880,-108.91445
32912,-898.258863
32936,-898.258863
32944,-15.768981
33088,-939.033062
33140,-38.080212
33340,-42.922051
33468,-42.922051
33496,-37.123214
33556,-87.792726
33636,-31.98654
33680,-31.98654
33712,-62.356834
33804,-39.554923
33868,-39.554923
33880,-261.796938
33900,-261.796938
34108,-261.796938
34364,-261.796938
34408,-160.268327
34516,-24.416581
34536,-24.416581
34660,-31.271242
34720,-31.271242
34764,-31.271242
34784,-15.815815
34852,-15.618182
34924,-15.618182
34940,-14.994309
34960,-14.994309
35040,-23.798594
35044,-23.798594
35108,-23.735116
35132,-23.735116
35176,-23.735116
35264,-23.735116
35336,-23.735116
35372,-23.735116
35480,-23.735116
35588,-23.735116
35724,-23.735116
35836,-23.735116
36076,-23.735116
36260,-23.735116
36376,-23.735116
36448,-23.735116
36676,-23.735116
36880,-927.77765
37500,-102.684156
37632,-44.066152
37680,-44.066152
37712,-977.591064
37796,-977.591064
37804,-928.142406
38020,-48.099465
38024,-54.637193
38064,-15.649381
38108,-15.649381
38140,-25.52105
38172,-86.728791
38332,-86.728791
38356,-61.946559
38384,-86.962199
38572,-50.783746
38596,-50.783746
38644,12.674147
38800,12.674147
38924,12.674147
39024,12.674147
39052,12.674147
39108,-1083.362763
39124,-1083.362763
39216,-37.092124
39676,-37.092124
39752,-37.092124
39932,-210.739065
40004,-210.739065
40076,-210.739065
40120,-37.516336
40136,-37.516336
40196,-37.516336
40312,-56.962554
40408,-25.534775
40676,-25.534775
40800,-25.534775
40940,-25.534775
41000,-25.534775
41136,-25.534775
41248,-25.534775
41328,-25.534775
41408,-25.534775
41472,-25.534775
41544,-25.534775
41616,-25.534775
42140,-952.548246
42384,-984.843693
42440,-16.193879
42644,-927.721336
42820,-42.048189
42880,-12.563847
43124,-12.563847
43224,-170.856114
43328,-6.659009
43616,-58.296014
43724,-58.296014
43760,-49.158409
44136,-49.158409
44268,-49.158409
44340,-49.158409
44408,-812.051463
44436,-812.051463
44472,-812.051463
44492,-812.051463
44680,-812.051463
44724,-812.051463
44752,-812.051463
44972,-812.051463
44976,-301.408989
45044,-301.408989
45160,-173.278694
45408,-173.278694
45464,-173.278694
45532,-173.278694
45596,-173.278694
45616,-173.278694
45812,-173.278694
45844,-173.278694
45884,-173.278694
45940,-173.278694
46088,-173.278694
46152,-248.371141
46180,-248.371141
46252,-248.371141
46312,-248.371141
46320,0.920929
46424,0.920929
46440,-923.728023
46508,-923.728023
46548,-878.680528
46660,-45.634017
46732,-45.634017
46768,-38.936299
46776,-142.650418
46840,-142.650418
46892,-30.521949
47000,-46.627953
47108,-44.876852
47184,-9.031248
47232,-60.503057
47252,-13.043161
47508,-50.042507
47520,-50.042507
47692,-20.570072
47760,-20.570072
48056,-126.316119
48060,-68.109643
48116,-27.801017
48192,-13.799194
48372,-13.799194
48484,-13.799194
48548,-13.799194
48704,-13.799194
49036,-230.637389
49132,-230.637389
49160,-914.950321
49232,-914.950321
49628,-914.950321
49884,-914.950321
49964,-914.950321
50132,-914.950321
50144,-914.950321
50272,-914.950321
50360,-914.950321
50508,-914.950321
50628,-914.950321
50660,-921.946497
50732,-921.946497
50752,-921.946497
50916,-921.946497
50968,-921.946497
51080,-921.946497
51184,-100.075761
51392,-100.075761
51424,-100.075761
51456,-100.075761
51548,-100.075761
51552,-64.967541
51560,-64.967541
51696,-64.967541
51800,-64.967541
51876,-64.967541
51940,-99.319944
52012,-99.319944
52060,-99.319944
52152,-29.113928
52192,-897.212266
52204,-897.212266
52228,-897.212266
52300,-897.212266
52440,-897.212266
52492,-78.634523
52536,-78.634523
52604,-55.816681
52656,-33.084422
53036,-945.297287
53076,-71.766061
53160,-922.183059
53172,-922.183059
53300,-73.509052
53372,-246.360669
53440,-246.360669
53456,-38.201304
53464,-53.009903
53476,-53.009903
53592,-32.621443
53636,-32.621443
53720,-162.107196
53820,-148.720186
53844,-18.585348
53924,-12.211425
53968,-33.964511
54056,-33.964511
54144,-33.964511
54196,-58.955933
54292,-23.074755
54308,-23.074755
54320,-117.244123
54396,-13.446783
54468,-14.615872
54500,-72.162633
54632,-10.643327
54704,-4.968719
54780,-95.187268
54788,3.797518
55080,3.797518
55460,-92.951536
55604,-25.415779
55620,-25.415779
55732,-25.415779
55748,-33.782264
55800,-33.782264
55876,-33.782264
56044,-33.782264
56212,-33.782264
56404,-33.782264
56492,-33.782264
56548,-33.782264
56716,-33.782264
56772,-33.782264
56876,-33.782264
57032,-33.782264
57456,-898.902121
57476,-898.902121
57592,-907.156729
57652,-907.156729
57692,-69.994223
57840,-34.076776
58140,-34.076776
58196,-34.076776
58308,-34.076776
58516,-218.562097
58716,-218.562097
58780,-61.524977
58788,-891.344675
58888,-14.943268
59064,-88.998406
59132,-59.2443
59136,-59.2443
59524,-92.164007
59608,-25.544534
59656,-25.544534
59720,-25.544534
59748,-900.254255
59772,-900.254255
59960,-59.948845
60060,-27.329885
60344,-251.022229
60504,-23.08701
60772,-66.435297
60956,-146.443311
61132,-146.443311
61184,-73.437845
61284,-73.437845
61384,-73.437845
61448,-73.437845
61676,-73.437845
61692,-852.605501
61848,-30.947206
61916,0.645122
61996,-7.665969
62004,-7.665969
62140,-7.665969
62196,-7.665969
62240,-7.643418
62244,-7.643418
62308,-7.643418
62312,-7.643418
62420,-35.282
62464,-35.282
62496,-35.282
62568,-14.265066
62612,-14.265066
62616,-14.265066
62816,-14.265066
62840,-66.799196
62976,-66.799196
62988,-37.923461
63028,-37.923461
63120,-37.923461
63296,-37.923461
63440,-37.923461
63552,-37.923461
63636,-37.923461
63748,-800.173921
63772,-800.173921
63820,-800.173921
63884,-800.173921
64064,-800.173921
64152,-101.998357
64168,-101.998357
64180,-101.998357
64200,-101.998357
64248,-101.998357
64384,-101.998357
64416,-51.677494
64540,-51.677494
64544,-51.677494
64612,-51.677494
64660,-41.4692
64716,-41.4692
64772,-912.63175
64808,-912.63175
64820,-912.63175
64832,-44.380061
64912,-44.380061
64956,-44.380061
65036,-50.269714
65088,-61.365088
65144,-12.200249
65184,-892.435047
65260,-892.435047
65264,-17.895957
65304,-56.695426
65328,-11.112979
65556,-11.112979
65820,-11.112979
65900,-11.112979
65936,-11.112979
65964,-11.112979
65996,-154.67235
66040,-154.67235
66084,-154.67235
66148,-154.67235
66160,-154.67235
66184,-64.32643
66212,-64.32643
66304,-64.32643
66356,-64.32643
66620,-64.32643
66840,-64.32643
66856,-64.32643
66904,-64.32643
66988,-895.023533
67012,-895.023533
67192,-94.501946
67288,-94.501946
67344,-94.501946
67380,0.388779
67428,0.388779
67440,0.388779
67692,0.388779
67768,0.388779
67784,0.388779
67960,0.388779
68028,0.388779
68480,0.388779
69144,-834.503111
69304,-846.541411
69360,-41.315638
69672,-56.909349
69776,-62.83183
69972,-40.149798
70148,-40.149798
70184,-802.99672
70204,-80.303301
70308,-12.256602
70552,-12.256602
70652,-185.530311
70796,-34.723003
70904,-34.723003
70992,-34.723003
71048,-34.723003
71200,-34.723003
71380,-852.659137
71428,-852.659137
71496,-852.659137
71520,-47.533604
71592,-47.533604
71752,-47.637532
72028,-47.637532
72056,-57.583568
72332,-57.583568
72480,-57.583568
72524,-103.9182
72628,-16.995967
72668,-16.995967
72772,-16.995967
72928,-16.995967
72972,-16.995967
73088,-16.995967
73100,-55.99316
73136,-55.99316
73200,-25.011259
73260,-25.011259
73324,-25.011259
73436,-25.011259
73604,-25.011259
73672,-848.149141
73768,-123.079565
73836,-123.079565
73996,-51.430324
74048,-51.430324
74100,-51.430324
74224,-32.996356
74300,-23.032023
74308,-898.320236
74356,-21.355184
74380,-18.633183
74476,-18.633183
74524,-18.633183
74528,-18.633183
74552,-18.633183
74560,-21.392851
74752,-21.392851
74788,-21.392851
74796,-882.520766
75140,-882.520766
75232,-76.35283
75324,-29.744116
75332,-29.744116
75380,-29.744116
75396,-29.744116
75496,-29.744116
75560,-29.744116
75836,-29.744116
75900,-29.744116
75996,-29.744116
76016,-29.744116
76024,-29.744116
76028,-29.744116
76180,-29.744116
76240,-29.744116
76392,-29.744116
76576,-29.744116
76692,-29.744116
76860,-29.744116
77012,-29.744116
77028,-29.744116
77092,-29.744116
77124,-29.744116
77144,-29.744116
77200,-29.744116
77404,-29.744116
77548,-29.744116
77672,-756.751051
77792,-756.751051
77812,-756.751051
77856,-756.751051
77872,-52.86908
77924,-52.86908
77932,-17.059991
77980,-4.110093
78020,-4.494484
78152,-48.818188
78380,-746.333973
78516,-49.565181
78560,-786.48817
78604,-39.413191
78640,-13.990218
78712,-6.719347
78764,-24.795588
78796,-18.346881
78828,-4.519292
78924,-32.647225
79020,-69.529722
79068,-18.986132
79072,-21.469119
79248,-53.423012
79316,-71.539929
79324,-813.347197
79332,-65.742455
79400,-18.697917
79420,-4.572192
79460,-22.761787
79540,-4.636075
79644,-70.514364
79708,-43.749373
79728,-84.784677
79748,-6.981591
79848,-31.990819
79916,13.147113
80028,13.147113
80136,-14.012489
80200,-187.103264
80224,-6.383239
80256,-6.383239
80388,-6.383239
80568,-152.586142
80876,-60.399462
80972,-60.399462
81036,-60.399462
81084,-54.608425
81124,-54.608425
81284,-54.608425
81352,-38.318743
81620,-38.318743
81708,-38.318743
81728,-38.318743
81772,-38.318743
81788,-38.318743
81856,-38.318743
81868,-38.318743
81924,-38.318743
81960,-148.676984
81984,-148.676984
82120,-148.676984
82164,-148.676984
82200,-148.676984
82280,-100.047151
82356,-100.047151
82432,-100.047151
82488,-100.047151
82492,-100.047151
82712,-83.540291
83112,-25.322821
83184,-25.322821
83188,-25.322821
83236,-25.322821
83268,2.257685
83356,2.257685
83404,2.257685
83408,2.257685
83484,2.257685
83556,2.257685
83564,2.257685
83648,2.257685
83696,2.257685
83728,-783.41409
83744,-783.41409
83812,-783.41409
83848,-781.752932
83988,-781.752932
84032,-42.342995
84076,-42.342995
84224,-709.396987
84288,-709.396987
84352,-709.396987
84392,-709.396987
84440,-138.43299
84444,-138.43299
84520,-64.782935
84552,6.329751
84584,-9.420911
84616,-9.420911
84744,-9.420911
84884,-9.420911
84976,-47.009478
84992,-47.009478
85068,-47.009478
85120,-47.009478
85168,-61.766258
85196,-61.766258
85232,-61.766258
85296,-19.027313
85392,-19.027313
85424,-19.027313
85528,-31.519065
85612,-31.519065
85624,-212.359975
85712,-212.359975
85800,-81.422779
85808,-52.004267
85832,-52.004267
86036,-52.004267
86200,-52.004267
86240,-52.004267
86260,-52.004267
86296,-67.342697
86320,-67.342697
86384,-67.342697
86500,-67.342697
86536,-67.342697
86808,-67.342697
86980,-67.342697
87108,-67.342697
87244,-67.342697
87268,-779.299311
87300,-779.299311
87396,-779.299311
87512,-779.299311
87552,-779.299311
87644,-779.299311
88032,-793.947146
88076,-793.947146
88132,-793.947146
88240,-793.947146
88556,-793.947146
88604,-793.947146
88664,-793.947146
88844,-793.947146
88904,-793.947146
88968,-793.947146
89052,-793.947146
89112,-793.947146
89192,-793.947146
89284,-793.947146
89532,-793.947146
89684,-793.947146
89800,-888.043739
90192,-72.629317
90240,-72.629317
90296,-789.522794
90400,-789.522794
90420,-789.522794
90648,-789.522794
90808,-789.522794
91048,-789.522794
91116,-789.522794
91268,-717.461256
91456,-32.99576
91488,-32.99576
91644,-32.99576
91652,-22.75183
92032,-754.587964
92104,-14.480697
92484,-14.480697
92528,-70.364013
92676,-70.364013
92772,-70.364013
92888,-70.364013
93080,-264.151412
93284,-264.151412
93652,-264.151412
93724,-264.151412
94036,-210.647225
94192,-704.987738
94296,-719.505279
94460,-67.606566
94536,-16.798645
94844,-53.247934
94928,-158.281205
95048,-158.281205
95088,-67.799029
95236,-41.398932
95304,-49.037233
95388,-4.035155
95436,-30.202085
95464,-16.532419
95644,-16.532419
95940,-16.532419
96000,-53.535848
96256,-37.198332
96288,-37.198332
96524,-37.198332
96528,-725.402358
96592,-725.402358
96888,-725.402358
96952,-725.402358
97372,-725.402358
97588,-725.402358
97724,-725.402358
97912,-725.402358
98008,-725.402358
98192,-702.540495
98268,-702.540495
98304,-14.151456
98460,-14.151456
98900,-14.151456
99048,-14.151456
99228,-14.151456
99308,-14.151456
99436,-737.024414
99444,-737.024414
99500,-15.049803
99504,-15.049803
99516,-15.049803
99560,-1.193823
99624,-216.038529
99664,-16.752873
99688,-11.279929
99740,-11.279929
99928,-9.167659
99996,-9.167659
100072,-9.167659
100148,-22.592657
100256,-720.575444
100384,-720.575444
100528,-655.145589
100580,-18.705239
100648,-18.705239
100724,-36.509214
100784,-36.509214
100876,4.334098
100900,4.334098
100972,4.334098
101036,-38.907884
101148,-38.907884
101172,-105.918298
101268,-105.918298
101540,-90.393332
101572,-67.746618
101684,-67.746618
101772,-58.560604
101784,-16.826156
101912,-16.826156
101968,-28.60934
101980,-28.60934
102008,-28.60934
102084,-28.60934
102128,-20.261201
102184,-20.261201
102264,-20.261201
102340,-75.494904
102504,-20.551224
102592,-20.551224
102736,-135.931335
102936,-54.542088
103108,-54.542088
103120,-33.252361
103208,-2.870118
103280,-109.913016
103372,-109.913016
103376,-38.797024
103400,-6.561361
103436,-6.561361
103552,-6.561361
103640,-6.561361
103688,-723.804621
103692,-723.804621
103720,-58.047684
103736,-57.167345
103848,-57.167345
103864,-32.074848
103928,-17.657744
103936,-45.582059
103952,-45.582059
103996,-45.582059
104012,-40.222988
104148,-736.719179
104312,-736.719179
104408,-98.276437
104468,-79.269568
104472,-79.269568
104592,-79.269568
104704,-70.983064
104768,-70.983064
104840,-70.983064
104868,-143.303361
104952,-104.001132
105172,-104.001132
105324,-104.001132
105488,-104.001132
105620,-104.001132
105728,-125.890698
105808,2.102689
105912,2.102689
105920,-11.90205
106184,-11.90205
106544,-107.612243
106568,-107.612243
106592,-107.612243
106640,-107.612243
106704,-14.731417
106764,-10.954907
106964,-10.954907
107104,-10.954907
107236,-10.954907
107424,-10.954907
107508,-10.954907
107860,-10.954907
107928,-676.155357
108036,-676.155357
108228,-676.155357
108276,-676.155357
108444,-676.155357
108588,-676.155357
108636,-676.155357
108704,-681.711434
108864,-58.999655
108952,-677.25601
108960,-677.25601
109016,-25.147895
109060,-7.20913
109256,-58.420422
109272,-58.420422
109324,-58.420422
109400,-158.88238
109464,-158.88238
109548,-53.590977
109556,-53.590977
109564,-53.590977
109676,-18.242511
109700,-90.39102
109748,-90.39102
109792,-90.39102
109812,-10.432261
109844,-10.432261
109848,-10.568063
109916,-15.059814
109944,-15.059814
109952,-11.872949
110004,-2.940702
110012,-2.940702
110056,-2.940702
110336,-98.014077
110388,-81.424028
110412,-81.424028
110464,-28.857271
110568,-28.857271
110620,-35.662384
110640,-35.662384
110744,-35.662384
110756,-35.662384
110764,-651.494331
110896,17.436728
111072,-141.59435
111220,-141.59435
111312,-141.59435
111460,-141.59435
111540,-73.689841
111680,-73.689841
111732,-73.689841
111788,-97.009949
111796,-97.009949
111928,-675.031954
111940,-22.321343
111960,-22.321343
111972,-22.321343
112060,-22.321343
112092,-22.321343
112144,-87.065552
112196,-56.907524
112272,-43.653683
112308,-43.653683
112384,-65.176838
113408,-245.164705
113532,-0.056293
113604,-8.218789
113644,-230.52607
113748,-9.422644
114200,-92.844408
114284,-24.518722
114404,-144.205555
114596,-62.977909
114640,-62.977909
114764,-686.990464
114836,-686.990464
114848,-44.900121
114904,-50.619387
114908,-50.619387
114960,-50.619387
115212,-49.82224
115336,-82.753963
115464,-82.753963
115504,-49.684259
115540,-49.684259
115656,-29.546487
115680,-29.546487
115712,-29.546487
115920,-29.546487
115952,-60.28877
116060,-60.28877
116088,-60.28877
116096,-60.28877
116128,-14.653946
116180,-14.653946
116220,-155.068697
116232,-155.068697
116272,-675.017153
116308,-675.017153
116328,-675.017153
116380,-675.017153
116448,-30.258837
116684,-30.258837
116736,-30.258837
116808,-30.258837
116832,-73.149912
116960,-73.149912
117064,-73.149912
117160,-48.626781
117216,-48.626781
117276,-185.144723
117384,-185.144723
117416,-36.070187
117580,-36.070187
117976,-36.070187
118444,-36.070187
118904,-607.241104
118980,-607.241104
119128,-59.966754
119368,-59.966754
119576,-34.992862
119600,-34.992862
119932,-34.992862
119972,-67.020659
120092,-13.708552
120128,-13.708552
120272,-718.596659
120308,-718.596659
120336,-72.547441
120424,-12.93092
120612,-50.857963
120644,-50.857963
120664,-50.857963
120736,-50.857963
120824,-50.857963
120852,-50.857963
120856,-15.976374
120968,-22.491691
121060,-22.491691
121160,-502.013706
121244,-502.013706
121292,-146.668206
121352,-51.485047
121412,-51.485047
121416,-582.227597
121488,-582.227597
121496,5.193197
121584,5.193197
121696,5.193197
121700,17.130533
121728,17.130533
121796,-28.571572
122068,-28.571572
122080,-28.571572
122172,-28.571572
122268,-28.571572
122280,-83.651107
122284,-117.056959
122460,-117.056959
122520,-21.50614
124128,-21.50614
124372,-21.50614
124564,-21.50614
124676,-21.50614
125160,-601.18208
125280,-20.051327
125292,-604.327131
125320,-604.327131
125324,-604.327131
125356,-8.320041
125372,-8.320041
125468,-27.442777
125672,-4.747344
125748,-4.747344
125832,-4.747344
125900,-4.747344
126032,-4.747344
126040,-74.088584
126068,-74.088584
126120,-74.088584
126156,-74.088584
126188,-74.088584
126196,-74.088584
126252,-74.088584
126268,-74.088584
126284,-655.062401
126336,-80.625083
126348,-80.625083
126408,-80.625083
126464,-18.484122
126520,-645.407757
126548,-19.34411
126588,-19.34411
126620,-7.42713
126672,-7.42713
126728,-8.851851
126752,-8.851851
126792,-8.851851
126808,-8.851851
126920,-8.851851
126948,-45.810923
127008,-45.810923
127040,-65.270934
127108,-65.270934
127164,-65.270934
127204,-30.342045
127216,-28.315013
127268,-28.315013
127544,-33.135652
127620,-94.501973
127776,-31.46233
128012,-7.181903
128136,-85.249904
128160,-26.928417
128200,-26.928417
128208,-6.763523
128352,-6.763523
128376,-20.479032
129672,-570.228948
129828,-26.496309
130076,-63.94849
130228,9.216577
130336,-627.255191
130556,-47.824658
130588,-47.824658
130788,-40.289466
130808,-40.289466
130972,-40.289466
131076,-40.289466
131108,-40.289466
131188,-30.881224
131364,-30.881224
131472,-30.881224
131620,-30.881224
131920,-30.881224
132092,-228.498886
132160,-577.541283
132352,-577.541283
132376,-562.597418
132456,14.984633
132504,14.984633
132604,-14.50467
132684,-14.50467
132756,-8.88505
132804,-84.257039
132872,-84.257039
132912,-23.575881
133140,-23.575881
133156,-44.511139
133220,-44.511139
133304,-44.511139
133428,-44.511139
133468,7.042556
133524,7.042556
133596,7.042556
133692,1.820545
133792,-21.650839
133864,-14.195865
133928,-14.195865
134016,-14.195865
134148,-14.195865
134244,-6.563828
134336,-568.150241
134400,-568.150241
134592,-11.15472
134672,-20.409545
134796,-26.920852
135060,-26.920852
135108,-26.920852
135196,-54.697064
135296,-54.697064
135504,0.25106
135532,0.25106
135572,0.25106
135672,0.25106
135816,0.25106
135920,0.25106
136048,0.25106
136160,-509.523899
136176,-509.523899
136204,-509.523899
136260,-509.523899
136440,-509.523899
136472,-509.523899
136520,-509.523899
136652,-509.523899
136692,-183.546207
136712,-183.546207
136804,-515.839597
136984,-4.273794
137144,-29.555679
137556,-79.137429
138148,-79.137429
138320,-79.137429
138672,-569.252563
138892,-40.032699
139388,-41.109711
139500,-22.544039
140140,-118.559263
140176,-118.559263
140472,-118.559263
140580,-118.559263
140596,-118.559263
140712,-118.559263
140828,-28.99685
140900,-28.99685
140984,-541.924964
140988,-541.924964
141144,-517.576463
141228,-82.553168
141264,-82.553168
141300,-82.553168
141432,-82.553168
141448,-53.734696
141532,-53.734696
141556,-471.465
141560,-471.465
141612,-471.465
141640,-471.465
142008,-471.465
142184,-471.465
142236,-45.740826
142320,-45.740826
142416,7.469937
142568,-31.852516
142624,-31.852516
142796,-31.852516
143248,-70.605684
143664,-50.71678
144048,-50.71678
144400,-50.71678
144444,-110.80348
144452,-110.80348
144520,-110.80348
144536,-1.223475
144712,-1.223475
144852,-1.223475
144984,-482.993226
145228,-524.921978
145448,-543.778459
145624,21.868672
145640,21.868672
145724,21.868672
145796,21.868672
145868,21.868672
146008,-53.58725
146184,-53.58725
146212,-53.58725
146304,-34.311033
146396,-34.311033
146420,-34.311033
146780,-34.311033
146904,-69.268157
146944,-1.091878
147000,-1.091878
147076,-1.091878
147140,3.769547
147156,3.769547
147228,-3.646682
147368,-3.646682
147528,-3.646682
147680,-46.982342
147824,-46.982342
148172,-46.982342
148516,-46.982342
148536,-532.824324
148628,-532.824324
148692,-532.824324
148712,-532.824324
148940,-532.824324
148984,-523.634512
149156,-3.302401
149168,-3.302401
149204,-3.302401
149228,-493.367164
149240,-16.68055
149300,-16.68055
149324,-16.68055
149428,-97.989344
149480,-97.989344
149496,-0.801722
149520,9.386835
149576,-9.515801
149628,-13.294675
149640,-13.452449
149696,-13.452449
149744,-13.452449
149840,-13.452449
149900,-13.452449
150036,-13.452449
150048,-13.452449
150212,-13.452449
150260,-131.019072
150288,-131.019072
150384,-131.019072
150388,-121.778537
150452,-14.697575
150556,-41.740756
150576,-28.4582
150696,-56.015358
150708,-38.398345
150748,-4.520943
150788,-4.520943
150916,-18.585249
150968,-18.585249
151160,-18.585249
151236,-18.585249
151316,-18.585249
151340,-18.585249
151420,-18.585249
151480,-18.585249
151528,-86.724835
151680,-445.994055
151684,-445.994055
151776,-156.360508
151800,-156.360508
151896,-156.360508
151920,-12.899279
151964,-12.899279
152076,-12.899279
152112,-12.899279
152268,-12.899279
152324,-8.336249
152416,-8.336249
152472,-8.336249
153204,-8.336249
153240,-472.871248
153244,-472.871248
153252,-472.871248
153328,-472.871248
153360,-472.871248
153376,-472.871248
153432,-33.136932
153452,-33.136932
153572,-33.136932
153644,-33.136932
153672,-33.136932
153704,-33.136932
153792,-33.136932
153832,-33.136932
153988,-33.136932
154040,-33.136932
154148,-33.136932
154252,-33.136932
154460,-159.124913
154480,-159.124913
154516,0.182969
154528,0.182969
154648,0.182969
154664,0.182969
154740,0.182969
154748,0.182969
154796,0.182969
154924,-34.908135
155028,-34.908135
155084,-34.908135
155316,-34.908135
155428,-34.908135
155528,-477.609858
155580,-477.609858
155608,-477.609858
155668,-9.223317
155680,-539.547878
155768,-539.547878
156176,-83.196392
156324,-417.601392
156404,-13.605176
156508,-28.844011
156620,-7.831188
156648,-167.974115
156684,-14.41793
156784,-5.532671
156812,-35.243829
156900,-36.582178
157020,-5.5433
157120,-15.91924
157300,-62.312767
157712,-111.613523
157776,-199.554655
157888,-23.123374
158032,-129.585718
158096,-18.894932
158100,-51.361013
158208,-39.183746
158292,-35.099584
158328,-9.999392
158372,-18.054172
158408,-6.795737
158440,-14.540661
158452,-10.164204
158620,5.078284
158740,5.078284
158748,5.078284
158808,10.538142
158904,10.538142
158924,-420.588192
159088,-101.08716
159212,-39.153269
159344,-34.456803
159372,-34.456803
159496,2.436213
159536,-149.21344
159568,-13.510172
159580,-13.510172
159608,-13.510172
159696,-13.510172
159744,-13.510172
159768,-13.510172
159824,-58.575705
159844,-58.575705
159864,-11.714702
159932,-11.714702
159944,10.989188
160004,10.989188
160152,10.989188
160160,10.989188
160232,10.989188
160268,10.989188
160280,10.989188
160352,-109.238236
160416,-109.238236
160652,-109.238236
160784,-109.238236
160796,-12.281959
160812,-81.419754
160892,-81.419754
160940,-21.555723
160952,-21.555723
161020,-21.555723
161032,8.041466
161236,8.041466
161240,8.041466
161248,-30.320787
161392,-51.896626
161576,-34.74303
161596,-34.74303
161632,-12.647379
161660,-41.11976
161752,0.443625
161816,-26.660396
162004,-19.741613
162188,-19.741613
162292,-29.863659
162328,-29.863659
162544,-29.863659
162612,-29.863659
162772,-29.863659
162816,-29.863659
162852,-135.138893
162924,-425.124093
162956,-425.124093
163088,-455.003579
163100,-455.003579
163104,-3.435773
163172,-3.435773
163248,-3.435773
163260,-54.6516
163268,-23.655737
163272,-46.967317
163340,-8.695539
163344,-8.695539
163420,-0.932899
163432,-27.151452
163552,-27.151452
163620,-27.151452
163632,3.182437
163648,-46.92815
163816,-26.466407
163912,-26.466407
164156,-26.466407
164212,-52.989335
164220,-52.989335
164232,-52.989335
164252,-6.322742
164328,5.996791
164404,5.996791
164416,5.996791
164420,5.996791
164452,5.996791
164520,5.996791
164536,5.996791
164568,5.996791
164620,5.996791
164656,5.996791
164760,5.996791
164836,5.996791
164848,5.996791
164976,-152.469408
165016,-133.930059
165068,-133.930059
165104,-6.961115
165200,-6.961115
165356,-6.961115
165520,-6.961115
165672,-21.529404
165704,-21.529404
165712,-21.529404
165768,-21.529404
165816,-21.529404
165940,-21.529404
165948,-21.529404
165952,-2.41426
166028,-18.651693
166108,-18.651693
166292,-450.94017
166532,-27.153712
166664,-27.153712
166728,-27.153712
166800,-27.153712
167200,-27.153712
167300,-27.153712
167636,-90.393066
167904,0.133619
168040,-25.292899
168116,-12.954332
168328,-403.072585
168344,-4.104684
168400,-4.104684
168468,-16.982561
168592,-12.781
168760,-12.781
168884,-52.988318
168900,-75.66814
168908,-75.66814
168972,-75.66814
169016,-351.477787
169156,-29.393913
169200,-29.393913
169268,-29.393913
169352,-22.932589
169480,-22.932589
169572,-22.932589
169620,-22.932589
169816,-22.932589
169948,-22.932589
170028,-413.09835
170180,-413.09835
170244,-413.09835
170252,-24.644189
170256,-24.644189
170340,-27.020846
170348,-27.020846
170544,-27.020846
170672,-27.020846
170816,-27.020846
170968,-27.020846
171840,-27.020846
172308,-27.020846
172596,-27.020846
172772,-27.020846
172940,-27.020846
173016,-415.418733
173088,-16.309217
173156,-335.652181
173352,-407.248539
173428,-43.206633
173620,-43.206633
173712,-43.206633
173752,-43.206633
173772,-40.941846
173812,-40.941846
173828,-40.941846
173896,-40.941846
173944,10.64126
173976,-79.221544
173984,-79.221544
174076,-79.090767
174080,0.439419
174180,0.439419
174256,0.439419
174340,-365.56525
174344,-365.56525
174364,-365.56525
174440,27.566511
174452,27.566511
174468,27.566511
174476,27.566511
174488,-96.233806
174496,-0.817438
174608,-22.737234
174636,-22.737234
174656,-24.444619
174736,-24.444619
174800,-24.444619
174820,-11.936183
174868,-11.936183
174884,-11.936183
174932,-11.936183
174992,-11.936183
174996,-11.936183
175032,-11.936183
175036,-64.873185
175088,-64.873185
175196,-64.873185
175208,-64.873185
175272,-45.046945
175276,-45.046945
175392,-45.046945
175552,-45.046945
175600,-45.046945
175664,-32.876294
175672,-32.876294
175740,-32.876294
175800,-32.876294
175896,-50.869523
175936,-50.869523
176012,5.312399
176128,5.312399
176196,5.312399
176248,5.312399
176368,5.312399
176408,-31.819734
176460,1.856319
176484,1.856319
176544,1.856319
176652,-47.474183
176672,-47.474183
176760,-47.474183
176840,-24.69314
177036,-55.562805
177268,-44.686534
177280,-44.686534
177312,-44.686534
177472,-44.686534
177620,-75.409392
177744,-29.721294
177852,4.580973
178080,-332.597376
178392,-332.597376
178488,-390.568832
178648,-45.941969
178692,-45.941969
178768,-21.803546
179036,-21.803546
179052,-6.842562
179176,-6.842562
179244,-6.842562
179260,-0.836502
179392,-0.836502
179436,-1.519409
179512,-1.519409
179636,-1.519409
179676,-1.519409
179740,-1.519409
179768,-1.519409
179800,-1.519409
180012,-1.519409
180040,17.289241
180244,35.306929
181268,-424.703941
181300,-11.485625
181312,-11.485625
181572,-43.843353
181852,-368.81015
182104,-60.894151
182112,-17.02822
182488,-396.68095
182616,-33.854337
182804,-75.290423
183424,-79.174668
183512,-0.552709
183740,-0.552709
183768,-0.552709
183824,19.171866
183872,19.171866
184056,19.171866
184092,19.171866
184244,-362.52329
184484,-362.52329
184728,-362.52329
184804,-81.503008
184812,-81.503008
184876,-81.503008
184960,-81.503008
185144,-81.503008
185264,-81.503008
185276,-81.503008
185312,-81.503008
185388,-81.503008
185496,-81.503008
185584,-81.503008
185608,-81.503008
185692,-81.503008
185796,-81.503008
186088,-81.503008
186276,-81.503008
186300,-81.503008
186488,-302.396603
186492,-302.396603
186616,-339.848593
186720,-339.848593
186764,-339.848593
186772,-339.848593
186836,-339.848593
186868,-339.848593
186984,-339.848593
187028,-339.848593
187364,-34.560661
187432,-71.343708
187460,-71.343708
187484,-9.505082
187528,-9.505082
187620,-8.834531
187676,7.703998
187756,7.703998
187824,-360.311377
187892,-360.311377
187896,-23.325374
188024,-32.097598
188076,-59.515856
188112,-59.515856
188144,0.51741
188204,0.51741
188256,-1.350679
188300,-57.468025
188516,-8.115776
188796,-6.672412
188804,-365.706141
188812,-365.706141
189004,-365.706141
189052,-53.862965
189076,-64.844916
189216,-64.844916
189244,-64.844916
189256,-18.000133
189420,-49.723251
189512,-49.723251
189528,0.837905
189652,2.568527
189664,-27.434218
190004,-27.434218
190072,-27.434218
190128,-27.434218
190168,-27.434218
190300,-27.434218
190316,-27.434218
190444,-27.434218
190528,-27.434218
190676,-27.434218
190768,-27.434218
191012,-27.434218
191028,-27.434218
191100,-27.434218
191128,-27.434218
191296,-27.434218
191316,-27.434218
191440,-27.434218
191644,-27.434218
191664,-170.842467
191704,-170.842467
191820,-18.05458
191872,-18.05458
192080,-43.792937
192128,-43.792937
192204,-32.563389
192232,-32.563389
192356,-9.723362
192580,-9.723362
192804,-280.24557
192864,-42.484363
193052,-242.402804
193152,-29.227004
193268,13.854236
193368,-15.536521
193624,-53.274623
193652,-317.03848
194036,-35.685397
194092,-111.165368
194128,-111.165368
194144,-0.66801
194232,-12.833059
194240,-100.481321
194288,12.220485
194304,-1.893401
194336,-11.579531
194376,-13.341419
194408,-8.593405
194496,6.407713
194500,-21.44627
194744,-22.853109
194840,-51.051458
194900,-9.432721
194988,-30.761319
195128,-30.761319
195240,-28.835529
195300,-14.76066
195380,-12.995092
195432,-12.995092
195628,-12.995092
195644,-12.995092
195716,-12.995092
195804,-103.412704
195820,-103.412704
195980,-103.412704
196004,-103.412704
196064,-103.412704
196100,-103.412704
196340,-103.412704
196488,-103.412704
196580,-103.412704
196700,-103.412704
196796,-103.412704
196860,-103.412704
196920,-103.412704
196976,-103.412704
197052,-321.864217
197088,0.45932
197636,-86.299479
197900,-86.299479
198076,-2.426097
198132,-8.726938
198212,-8.726938
198408,-123.321788
198552,-20.26923
199020,-20.26923
199240,-312.105786
199380,-283.663812
199408,-283.663812
199796,53.817482
199820,53.817482
199844,53.817482
199892,-18.86105
199944,-18.86105
200044,-18.86105
200048,-18.86105
200064,-18.86105
200156,-18.86105
200240,-18.86105
200260,-18.86105
200324,-18.86105
200404,-18.86105
200604,-18.86105
200668,-33.826684
200680,-102.882477
200776,-102.882477
200920,-102.882477
201048,-36.028776
201064,-36.028776
201464,-36.028776
201632,-36.028776
201648,-37.685021
202132,-262.123329
202292,-262.123329
202552,-270.879183
202632,1.12611
202644,1.12611
202716,-21.096021
203048,-21.096021
203124,-15.162863
203540,-96.691271
203568,4.309948
203800,37.743141
204008,5.521804
204464,-55.719476
204604,-55.719476
204668,-214.420774
204732,3.003749
204736,17.320623
204776,17.320623
204792,2.893646
205008,18.220705
205052,18.220705
205132,-17.95544
205192,-17.95544
205212,-71.283099
205352,-18.012881
205456,-18.012881
205464,-18.012881
205608,15.563281
205648,-255.772855
205868,-255.772855
205952,-7.847169
206064,-7.847169
206132,1.773476
206164,4.12136
206172,4.12136
206232,4.12136
206252,-2.817465
206472,-21.590783
206500,-21.590783
206592,-39.075839
206840,-4.621099
206888,-4.621099
206896,-10.550424
206960,10.300935
207048,10.300935
207120,-34.162811
207296,-34.162811
207528,-34.162811
207540,-261.333332
207648,-261.333332
207656,-261.333332
207968,-261.333332
208040,-25.237434
208064,-25.237434
208324,-25.237434
208484,-25.237434
208744,-85.624157
208864,-85.624157
208928,-8.717157
208968,-8.717157
209340,-34.548335
209364,2.010745
209464,2.010745
209596,30.024945
209616,30.024945
209668,30.024945
209732,30.024945
209892,-69.871315
209928,-7.551165
210064,-7.551165
210108,-7.551165
210164,-235.937686
210592,-253.551221
210616,-15.972292
210636,-73.542727
210648,-73.542727
210916,-73.542727
211076,-33.999732
211112,-36.698199
211152,-36.698199
211172,17.319935
211280,-12.99437
211344,-45.2303
211380,-19.37389
211488,-6.080383
211652,27.101707
211656,27.101707
211788,6.684103
211828,-3.070655
212048,-3.070655
212116,-3.070655
212292,20.706177
212884,20.706177
212988,-17.241728
213044,-3.066969
213144,-25.012415
213496,-24.064922
213616,-24.064922
213800,-24.064922
213836,-5.983932
213880,-5.983932
213928,-226.878148
213932,-26.695761
213992,3.065146
214044,0.806923
214108,0.806923
214204,0.806923
214276,0.806923
214376,-45.338367
214564,4.499671
214648,4.499671
214832,-29.621299
214928,5.347872
215152,5.347872
215180,5.347872
215280,-275.34799
215312,-13.032564
215444,-13.032564
215552,-13.032564
215588,-13.032564
215864,-13.032564
215976,-13.032564
216064,-54.765539
216068,-36.537364
216232,-36.537364
216292,-175.23161
216380,-175.23161
216428,-45.45974
216476,-45.45974
216480,-1.171307
216624,-8.18075
217308,-127.247448
217432,-127.247448
217800,-127.247448
217892,2.341748
218076,-16.575493
218176,-160.643687
218228,-160.643687
218232,-160.643687
218240,17.906969
218276,17.906969
218404,-11.838618
218516,-11.838618
218604,-50.783381
218748,-50.783381
218884,-50.783381
219032,-50.783381
219064,-50.783381
219216,-50.783381
219304,-50.783381
219392,-50.783381
219720,-50.783381
220028,-50.783381
220064,-149.234668
220068,-191.847606
220080,-191.847606
220380,-191.847606
220644,-4.436297
220664,-4.436297
220676,3.668005
220724,3.668005
220776,3.668005
220804,-22.723485
220948,-35.956258
221056,-35.956258
221060,-23.911623
221072,-7.450215
221512,-7.450215
221544,-29.444862
221668,-29.444862
221684,5.694887
221760,5.694887
221796,5.694887
221812,12.285271
221936,6.747892
221960,6.747892
222068,6.747892
222252,6.747892
222348,32.924743
222404,-168.022383
222504,-168.022383
222516,-168.022383
222524,-21.663861
222604,-167.197902
222668,-105.749868
222728,10.929424
222776,0.56252
222872,-19.316116
222920,-13.898911
222944,9.371695
222984,-57.847652
223112,-15.614088
223160,-49.026722
223244,0.484022
223304,0.484022
223492,0.484022
223500,0.484022
223560,0.484022
223696,-29.271182
223704,2.084651
223732,-104.075897
223796,-9.732804
224008,-1.528911
224072,-9.893893
224084,-9.893893
224108,-23.846188
224236,-25.868871
224476,-18.576128
224564,-16.430679
224576,-16.430679
224612,-55.239454
224676,-55.239454
224852,-55.239454
224928,-70.020839
225000,8.543423
225084,-5.952667
225136,5.560368
225180,5.560368
225380,5.560368
225676,-1.455937
225680,-42.834227
225768,-42.834227
225812,7.313776
225824,14.660224
225992,-17.06691
226196,-17.06691
226320,-19.868411
226404,-19.868411
226432,-9.749371
226516,-9.749371
226708,-48.304521
227084,-18.688637
227204,-38.308707
227500,-38.308707
227588,-16.171694
227704,-98.843305
227744,-13.239139
227780,-2.483569
227796,-11.342816
227928,-11.342816
227972,-13.418455
228736,-22.017668
228864,-34.961631
229224,-98.849714
229252,-15.455737
229328,3.768952
229404,-14.613558
229568,-18.677637
229760,-46.904421
229824,-244.563519
229968,-46.514949
230196,-46.514949
230404,-46.514949
230420,-25.324484
230464,-25.324484
230472,12.788913
230516,12.788913
230548,12.788913
230596,12.788913
230748,12.788913
230804,-39.296293
230940,-39.296293
231016,-39.296293
231048,-25.381864
231072,-25.381864
231084,-151.259791
231112,-151.259791
231156,-151.259791
231180,-57.641124
231236,-57.641124
231260,1.719158
231316,-7.083662
231332,-7.083662
231444,-7.083662
231452,-13.776324
231504,6.19357
231528,6.19357
231572,6.19357
231616,-17.155321
231620,29.667209
231672,-8.888955
231688,-8.888955
231756,-8.888955
231800,-8.888955
231892,-23.019479
231928,-23.019479
231940,-23.019479
231952,-8.196245
232192,-8.196245
232280,-36.560547
232472,-36.560547
232476,-93.843802
232548,110.341851
232972,110.341851
233136,-123.738502
233172,-123.738502
233356,-123.738502
233760,-82.251326
233960,-71.062154
234700,-53.211554
235328,2.015165
235756,2.015165
235820,2.015165
235940,2.015165
236016,-5.949319
236032,-5.949319
236472,-5.949319
236476,-205.503063
236584,-10.681337
236608,-10.681337
236676,-11.616208
236776,-11.616208
236872,-11.616208
236996,-11.616208
237136,-120.311586
237148,-120.311586
237348,-16.022602
237352,-16.022602
237356,-16.022602
237436,18.929502
237464,18.929502
237548,18.929502
237700,18.929502
237756,18.929502
237824,9.869755
237848,4.764779
237960,-108.882782
238044,20.297797
238164,20.297797
238272,23.098813
238284,-16.279531
238348,-16.279531
238444,38.825619
238688,38.825619
238704,38.825619
238736,16.421716
238776,16.421716
238976,16.421716
239008,-22.535861
239052,-22.535861
239128,1.167453
239196,21.43194
239200,21.43194
239368,21.43194
239396,21.43194
239404,3.550519
239648,3.550519
239928,3.550519
240032,3.550519
240176,3.550519
240448,-15.367235
240516,-2.191075
240584,-96.130429
240644,-96.130429
240732,-28.881269
240984,-28.881269
241012,38.297389
241048,38.297389
241088,38.297389
241204,38.297389
241268,-1.460534
241424,-1.460534
241520,-20.38108
241972,-69.975752
242204,-21.076327
242272,-195.877026
242436,30.972037
242680,30.972037
242712,21.449682
242872,21.449682
242932,-14.148302
242956,-0.817499
242988,3.880633
243128,-170.877003
243200,-170.877003
243296,-170.877003
243636,-170.877003
243640,-170.877003
244320,-170.877003
244732,-124.930569
244756,-124.930569
245020,-19.982865
245048,-19.982865
245176,7.16532
245424,7.16532
245540,-9.31396
245548,-9.31396
245680,-9.31396
246868,-9.31396
246956,-114.53185
246988,-138.755615
247120,10.809295
247128,-155.352846
247156,-5.333761
247192,-12.239114
247208,-13.968944
247336,-0.967237
247368,-0.967237
247416,-0.527047
247532,-0.527047
247640,-0.527047
247788,-1.964035
247888,2.270993
248268,35.075813
248456,-1.995313
248628,-1.995313
248756,-1.995313
248960,42.007366
249048,42.007366
249532,42.007366
249540,-72.084456
250000,-7.654728
250244,-7.654728
250444,-7.654728
250520,-7.654728
250620,-7.654728
251192,-99.731294
251208,-111.288411
251520,-7.252662
251532,-7.252662
251624,-42.260743
251692,-42.260743
252028,5.112055
252100,-2.495048
252344,-4.868732
252396,-42.155803
252528,-9.672967
252572,21.868966
252628,21.868966
252692,4.219373
252756,4.219373
252856,4.219373
252904,-27.037387
252960,-90.614828
252980,-90.614828
253116,-90.614828
253164,-16.912239
253204,-16.912239
253388,-16.912239
253392,-4.835504
253404,32.986975
253444,32.986975
253544,32.986975
253568,11.212225
253668,11.212225
253680,-27.633689
253716,-5.461872
253844,14.971481
253944,-20.94042
254000,-42.100137
254160,-42.100137
254256,-58.579823
254508,-58.579823
254516,-58.579823
254556,-58.579823
254584,-12.79836
255004,-35.025519
255112,-35.025519
255464,29.301475
255480,29.301475
255532,9.937313
255692,9.937313
255872,30.436015
256176,-10.566915
256224,-10.566915
256292,-10.566915
256520,-10.566915
256940,31.526783
256944,31.526783
257132,31.526783
257168,1.288055
257392,-91.889429
257444,-91.889429
257608,-91.889429
258000,-34.57824
258024,-34.57824
258124,-34.57824
258340,8.336751
258516,8.336751
259188,8.336751
259424,8.336751
259488,8.336751
259532,-4.883423
259632,-4.883423
259776,20.217692
259816,-33.365727
259900,7.312009
260016,-4.035915
260144,-4.035915
260160,36.259775
260208,36.259775
260444,4.295007
260448,4.295007
260716,4.295007
260808,4.295007
260996,-6.793361
261016,17.047895
261112,17.047895
261132,17.047895
261168,-25.228652
261212,-20.974809
261340,-13.578704
261392,-121.148494
261460,-121.148494
261560,-121.148494
261752,-121.148494
261860,17.653179
261984,20.153846
262024,-25.11036
262168,-75.931223
262520,-75.931223
262544,14.688695
262804,47.651982
262824,-43.261782
263532,-43.261782
263588,-21.832098
263632,-21.832098
263948,-6.982678
264088,-6.982678
264328,-42.249614
264372,-19.640908
264412,-19.640908
264440,-19.640908
264696,-8.501522
264768,-8.501522
265168,-81.136819
265408,-81.136819
265456,39.4271
265560,39.4271
265640,39.4271
265808,39.4271
265816,39.4271
265888,39.4271
265892,39.4271
266284,39.4271
266520,39.4271
266556,39.4271
266804,-71.231021
266824,-66.477414
266856,5.53111
266920,5.53111
267008,5.53111
267060,-7.32653
267132,-6.050386
267308,-6.050386
267692,-6.050386
268328,-11.409216
268440,-11.409216
268572,-14.813372
268588,-22.964903
268608,-22.964903
268724,5.843717
268736,-25.549882
269112,-28.524722
269184,-16.178276
269456,-75.463508
269512,2.676468
269524,5.66752
269868,-44.434565
270236,8.730455
270520,8.730455
270788,8.730455
270856,22.23023
271020,1.505201
271220,1.505201
271280,58.353967
271308,58.353967
271420,58.353967
271512,58.353967
271624,58.353967
271692,58.353967
271720,58.353967
271748,58.353967
271848,58.353967
272240,58.353967
272268,58.353967
272476,58.353967
272608,58.353967
272836,58.353967
273060,58.353967
273160,58.353967
273236,58.353967
273420,58.353967
273436,58.353967
273524,-21.304708
273720,-21.304708
273868,53.163569
273928,53.163569
274060,53.163569
274140,5.399099
274204,28.264739
274324,28.264739
274396,-1.117084
274460,-1.117084
274668,37.812547
274856,-29.086575
274956,28.840651
275124,12.219444
275208,12.219444
275232,12.219444
275236,1.343985
275280,67.155268
275628,-1.512077
275884,-1.512077
276060,-27.416827
276148,-27.416827
276268,-27.416827
276360,26.105959
276396,26.105959
276744,26.105959
276760,81.237678
276936,81.237678
276972,81.595018
277008,81.595018
277116,-16.354867
277208,2.194257
277360,2.194257
277436,2.194257
277596,2.194257
278632,2.194257
278812,2.194257
278856,16.997862
278876,15.274153
279232,15.274153
279284,15.274153
279372,22.364665
279580,22.364665
279628,52.9787
279692,52.9787
279880,-21.130769
280556,-21.130769
280776,2.380732
280808,58.981994
280972,47.626847
281200,47.626847
281272,56.204751
281376,48.776771
281596,48.776771
281800,91.598219
281840,91.598219
282052,91.598219
282416,91.598219
282800,91.598219
282812,91.598219
282856,102.799076
282912,102.799076
283692,102.799076
284036,32.331037
284188,3.928763
284396,3.928763
284468,3.928763
284768,3.928763
284776,13.844177
284780,-46.620802
284840,-1.736644
284932,5.48271
285200,5.48271
285216,5.48271
285248,7.32294
285360,7.32294
285376,10.579756
285400,10.579756
285480,10.579756
285536,13.661825
285616,13.661825
285640,-5.129373
285704,4.78947
285800,-10.116088
285908,1.957943
286252,1.957943
286344,58.123103
286360,105.222673
286800,105.222673
286908,-23.155639
286948,59.376125
286952,59.376125
287320,59.376125
287400,24.049336
287524,24.049336
287568,38.934455
288148,38.934455
288384,38.934455
288468,38.934455
288472,20.640141
288592,20.640141
288840,66.872824
289024,66.872824
289540,15.337484
289564,15.337484
289720,15.337484
289756,1.668109
289800,101.944939
289812,101.944939
289908,101.944939
290172,74.591678
290252,74.591678
290304,74.591678
290312,36.748139
290336,36.748139
290452,36.748139
290604,34.715185
290972,46.467139
291068,46.467139
291160,46.467139
291364,76.183082
291400,77.816225
291596,23.458194
291676,14.857994
291752,14.857994
291816,7.002783
291824,3.228363
291948,3.228363
292124,-15.344585
292204,89.170238
292236,25.206955
292244,7.879851
292356,22.091049
292472,10.603373
292588,10.603373
292804,-27.541916
292828,-12.053265
292948,5.741647
293164,8.211074
293404,24.670409
293656,-20.336047
293740,-5.163247
293884,2.950094
293964,0.943952
294080,21.75936
294172,67.636791
294252,67.636791
294304,67.636791
294340,-27.78775
294488,-27.78775
294636,7.055475
294748,7.323403
294760,5.579494
294764,5.579494
294780,5.579494
294844,23.295054
294864,23.295054
294964,23.295054
295152,23.295054
295160,23.295054
295220,23.295054
295296,23.295054
295408,-40.224466
295480,-40.224466
295600,-40.224466
295976,-40.224466
295980,-40.224466
296076,60.654668
296384,22.54762
296428,2.020659
296872,2.020659
296880,2.020659
297056,2.020659
297248,2.020659
297916,37.103937
297956,37.103937
297964,41.819331
298068,12.087695
298100,12.087695
298340,80.780066
298344,24.795901
298748,91.977375
299132,60.235555
299160,60.235555
299212,43.098648
299340,-23.068915
299564,12.046027
300276,52.496707
300872,52.496707
300916,52.496707
301032,52.496707
301068,52.496707
302060,52.496707
302068,117.068864
302100,117.068864
302312,117.068864
302344,97.413242
302532,97.413242

303108,97.413242
303176,97.413242
303216,7.304397
303604,7.304397
303644,29.823987
303680,29.823987
303716,29.823987
303768,38.731062
304240,13.093493
304304,13.093493
304360,7.141696
304676,7.141696
304832,-30.296207
304952,-30.296207
305188,-30.296207
305356,80.091263
305428,80.091263
305516,-0.415051
305784,-6.363761
305860,-6.363761
306028,-6.363761
306056,26.315765
306672,26.315765
306808,26.315765
306996,26.315765
307108,26.315765
307216,142.869317
307460,142.869317
307568,142.869317
307572,142.869317
307584,142.869317
307644,36.597815
307716,36.597815
307768,166.881463
308092,166.881463
308716,11.821247
309264,11.821247
310056,44.184059
310412,28.165438
310448,-16.216299
310604,-10.99168
311036,19.606336
311216,48.219045
311220,7.332446
311572,7.332446
311584,7.332446
311644,109.526873
311716,109.526873
311776,109.526873
312112,109.526873
312200,109.526873
312264,-4.962191
312348,1.526212
312404,1.526212
312448,1.526212
312496,87.852694
312584,18.566005
312676,31.233099
312952,-0.795267
313196,39.837019
313260,53.337079
313264,53.337079
313320,12.802771
313436,128.77799
313696,18.95557
314128,41.437197
314392,21.917868
315036,126.687509
315716,126.687509
315740,60.816079
316012,21.105498
316404,21.105498
316448,21.105498
316560,21.105498
316604,21.105498
316716,21.105498
317264,21.105498
317300,21.105498
317320,130.513634
317420,4.555845
317428,4.555845
317516,9.437695
317696,121.562577
317888,129.865841
317908,129.865841
318020,129.865841
318120,7.568383
318264,7.568383
318384,7.568383
318392,146.172375
318516,9.280746
318608,9.280746
318624,-0.027223
318684,32.419342
318752,32.419342
318760,32.419342
318828,32.419342
318896,22.101764
318916,22.101764
319160,22.101764
319176,22.101764
319504,99.952954
319528,99.952954
319864,99.952954
319892,-14.187451
320116,-14.187451
320732,-14.187451
321300,-14.187451
321412,103.012443
321468,11.93945
321664,11.93945
321888,216.483504
321992,216.483504
322180,-5.691643
322396,-5.691643
322432,27.009117
322608,27.009117
322684,179.770772
322828,179.770772
322988,29.907545
323176,29.907545
323776,29.907545
323892,183.061917
323972,5.325622
324160,5.325622
324280,12.222438
324728,12.222438
324732,12.222438
324828,109.066868
324872,109.066868
325252,31.939453
325360,31.939453
325432,31.939453
325500,32.153193
325604,66.932528
325844,30.588344
325888,165.966805
325896,47.699249
326092,47.699249
326684,69.782006
326828,69.782006
326896,29.062748
326968,1.0953
327264,100.680156
327272,100.680156
327312,-8.418204
327636,29.810563
327844,36.678592
328220,51.189455
328496,51.189455
328608,-48.277518
328616,-48.277518
328728,-48.277518
328848,45.652668
328876,139.013229
329076,18.704175
329212,23.221176
329360,61.954395
329432,61.954395
329876,53.921703
329880,61.414129
329888,204.182496
330092,204.182496
330384,204.182496
330428,204.182496
330736,204.182496
331280,140.625595
331372,140.625595
331608,140.625595
331840,48.503185
331944,6.478326
332028,6.478326
332384,6.478326
332536,6.478326
333028,6.478326
333212,196.748651
333432,196.748651
333652,196.748651
333880,189.012246
333888,157.554689
334204,44.35974
334364,44.35974
334384,44.35974
334428,44.35974
334464,44.35974
334828,44.35974
334832,54.7718
334948,54.7718
335556,7.200897
335680,7.200897
335868,7.200897
335944,201.430325
336012,-3.326709
336120,3.169328
336172,3.169328
336376,3.169328
336384,3.169328
336484,45.030728
336668,28.829586
336864,28.829586
337212,153.060752
337444,12.909695
337804,12.909695
337880,235.882041
338004,22.502026
338024,22.502026
338060,62.768275
338096,3.447019
338208,3.447019
338256,-7.649478
338948,-7.649478
339844,172.934967
340120,282.015902
340136,2.352264
340176,7.397721
340384,7.397721
340668,215.598159
340908,163.391981
341416,74.331903
341580,82.452706
341804,82.452706
341828,0.93112
341864,0.93112
341936,56.733256
341976,56.733256
342208,56.733256
342828,103.34501
342948,103.34501
343048,147.555196
343344,147.555196
343592,147.555196
343600,147.555196
343640,38.360847
343924,38.360847
344128,38.360847
344136,299.66323
344300,299.66323
344388,77.925769
344480,148.530393
344668,102.878599
345088,40.641372
345148,40.641372
345164,79.701469
345260,79.701469
345356,8.995109
345412,91.839641
345556,91.839641
345716,65.39674
345956,-13.567154
346092,-13.567154
346208,-13.567154
346320,104.008054
346640,11.904807
346740,4.877284
347056,173.447745
347216,69.938038
347304,17.065251
347348,17.065251
347468,51.152384
347624,54.077679
348128,54.077679
348204,72.235134
348416,42.173568
348492,18.564891
348580,18.564891
348840,37.624191
348996,122.262855
349084,4.108917
349088,274.435055
349148,274.435055
349176,72.21679
349356,-30.318719
349476,14.080457
349480,14.080457
349520,14.080457
349640,14.080457
349648,14.080457
349888,73.447366
349992,73.447366
350100,115.559639
350208,115.559639
350292,115.559639
350300,115.559639
350412,3.705399
350620,3.705399
350844,3.705399
350916,3.705399
350976,3.705399
351064,65.569269
351388,139.828836
351396,139.828836
351468,139.828836
351756,139.828836
351932,139.828836
352088,99.764649
352188,13.391195
352332,1.251507
352656,1.251507
352784,1.251507
353084,270.400416
353668,270.400416
353736,93.283894
353888,24.327013
354268,27.264323
354300,27.264323
354412,215.545801
354472,215.545801
354548,99.615368
354876,19.976035
354984,19.976035
355040,83.062811
355232,-5.9665
355308,-5.9665
355388,282.341804
355396,282.341804
355532,282.341804
355612,-5.075101
355636,-5.075101
355820,95.422617
356112,34.090384
356180,25.946561
356228,25.946561
356484,45.916352
356512,74.86275
356580,1.227944
356880,1.227944
357668,1.227944
357672,1.227944
357728,1.227944
357816,1.227944
357936,175.324445
358056,175.324445
358268,216.868246
358324,216.868246
358876,268.367576
358980,168.191731
358984,168.191731
359020,168.191731
359080,4.834062
359184,47.270686
359216,47.270686
360072,46.050122
360484,275.482654
360540,275.482654
360880,275.482654
360980,275.482654
361220,60.429652
361320,60.429652
361332,10.674572
361816,10.674572
362104,35.309473
362248,20.093064
362268,20.093064
362920,64.602962
362984,64.602962
363004,64.602962
363076,64.602962
363080,276.537164
363088,276.537164
363184,341.407241
363208,11.817646
363440,11.817646
363612,62.930532
363644,33.533443
363884,-10.157133
363992,32.770826
364324,32.770826
364484,278.77501
364540,278.77501
365272,278.77501
365372,120.639146
366004,49.293009
366332,49.293009
366452,49.293009
366584,79.391758
366920,335.976547
367076,335.976547
367120,25.820565
367280,9.062345
367992,220.394487
368072,220.394487
368324,220.394487
368404,-8.924756
368540,-8.924756
368680,-8.924756
369632,38.424215
370004,237.31332
370184,237.31332
370452,237.31332
370596,44.891835
370664,44.891835
370824,44.891835
370896,50.435902
370908,14.771492
370920,270.632144
371036,4.795583
371280,352.979504
372072,352.979504
372324,352.979504
372948,352.979504
372956,217.233081
373172,45.297492
373192,45.297492
373788,45.297492
373800,45.297492
373948,45.297492
374404,72.003689
374492,5.818455
374500,5.818455
374664,5.818455
374920,172.059907
375036,277.617792
375044,23.668034
375192,23.668034
375280,357.039445
375416,86.737564
375540,80.647086
375648,109.556957
376072,109.556957
376192,112.488856
376400,100.98922
376896,100.98922
377040,66.270672
377948,66.270672
378128,66.270672
378664,66.270672
378816,66.270672
379192,66.270672
379380,66.270672
379392,66.270672
379540,340.434508
379648,331.867289
379980,331.867289
380108,331.867289
380192,415.786748
380408,88.074547
381040,276.289455
381168,14.569082
381480,14.569082
381820,14.569082
382464,14.569082
382664,14.569082
383380,14.569082
383384,14.569082
383432,14.569082
383540,337.393987
383696,337.393987
384068,337.393987
384192,327.385116
384408,332.182943
384444,32.015032
384508,32.015032
384708,47.06354
385060,37.517654
385168,295.256463
386172,74.443531
386664,74.443531
386984,74.443531
387092,74.443531
387432,74.443531
387448,133.793386
387540,291.733659
387872,66.15218
388080,6.019684
388116,6.019684
388184,72.079194
388280,13.030479
388508,13.030479
388636,13.030479
388708,364.945427
388880,20.683415
388984,20.683415
389168,343.251275
389416,343.251275
389924,343.251275
390044,83.314301
390132,83.314301
390212,37.353646
390316,17.369874
390364,17.369874
390400,17.369874
390448,8.334825
390452,136.98572
390888,33.845213
390984,33.845213
391208,30.613298
391888,70.736125
392060,-1.126864
392080,443.206492
392276,443.206492
392280,422.76053
392440,24.21308
392984,24.21308
393404,24.21308
393672,78.064052
394344,52.102369
394364,52.102369
394400,52.102369
394448,380.256841
394616,22.474162
394668,1.51563
394868,1.51563
394936,33.952954
395356,33.952954
395644,33.952954
395704,137.094217
395792,13.439661
396080,270.018605
396276,270.018605
396280,375.394345
396356,375.394345
396408,375.394345
396428,375.394345
396648,48.636251
396768,-0.919015
396844,91.344585
397328,91.344585
397492,176.352727
397908,176.352727
398400,176.352727
398936,331.812484
399512,256.903172
399548,256.903172
400428,256.903172
400624,21.867717
400736,133.373186
400768,281.466768
400844,295.213352
400944,295.213352
401136,7.644186
401168,16.422305
401328,16.422305
401412,112.239521
401476,112.239521
401908,112.239521
402516,112.239521
402556,112.239521
402572,108.6166
403044,123.137599
403548,123.137599
403724,123.137599
404292,123.137599
404656,123.137599
404872,123.137599
405160,123.137599
405168,400.098266
405288,409.335369
405316,409.335369
405320,158.994077
405412,421.621585
405512,-3.850771
405644,19.163315
405720,19.163315
405852,19.163315
405996,82.726492
406204,11.041819
406284,88.546598
406332,88.546598
406416,18.16394
406548,47.912954
406744,31.916166
406868,42.999001
407440,42.999001
408176,42.999001
408192,42.999001
408796,42.999001
408856,108.594704
409048,20.532683
409316,20.532683
409424,20.532683
409644,380.029251
409996,429.865616
410212,100.684103
410416,382.045665
411176,109.59865
411248,94.352216
411672,179.233997
411940,179.233997
412176,179.233997
412364,179.233997
412476,179.233997
412668,179.233997
412700,179.233997
412796,179.233997
412920,165.244305
413172,188.362017
413424,188.362017
413500,32.875722
414028,32.875722
414212,422.250454
415000,102.319451
415088,102.319451
415176,422.980949
415844,89.121344
415860,89.121344
416588,89.121344
416700,89.121344
416920,327.152908
417312,327.152908
417500,386.148728
417520,91.017932
418504,91.017932
418528,91.017932
418880,91.017932
419088,91.017932
419176,422.289427
419380,422.289427
419844,315.767474
419960,315.767474
420220,315.767474
420544,85.618547
420560,85.618547
420588,85.618547
420952,85.618547
421116,83.112784
421220,83.112784
421500,407.362841
421520,428.702266
421608,100.276208
421712,-1.200337
422276,6.296296
422536,6.296296
422768,6.296296
423076,6.296296
423176,398.11925
423280,147.299978
423792,91.883054
423820,91.883054
424560,91.883054
424952,91.883054
425108,91.883054
425220,91.883054
425500,281.516316
425520,431.371806
425608,431.371806
426008,84.572334
426220,84.572334
426276,84.572334
426392,191.331503
426440,191.331503
426800,47.603893
426848,47.603893
426872,47.603893
427044,5.758
427060,107.388535
427152,107.388535
427176,410.98748
427340,410.98748
427424,59.894066
427620,63.310444
427792,414.661439
427908,414.661439
427928,86.721642
428236,127.515384
428392,127.515384
428504,83.796448
429052,172.03
429104,192.899839
429452,179.05808
429608,179.05808
429696,255.873775
430276,255.873775
430480,255.873775
430660,177.209212
430848,177.209212
431024,221.656521
431548,221.656521
431648,221.656521
432056,221.656521
432244,221.656521
432392,221.656521
433052,451.897234
433596,451.897234
433696,402.016724
434480,402.016724
434660,488.462019
435024,513.544828
435236,174.68796
435752,174.68796
436244,174.68796
436392,174.68796
437052,405.283297
437364,30.195839
437596,30.195839
437616,286.862428
438304,286.862428
438660,502.083373
438768,221.334518
439024,504.434553
439088,52.119009
439276,58.951014
439284,80.147049
439340,80.147049
439672,60.262054
439752,60.262054
439880,60.262054
440128,60.262054
440244,60.262054
440744,60.262054
441372,314.695327
441616,451.065409
442340,451.065409
442668,151.226762
442856,101.242342
443088,396.774482
443196,98.185152
443284,472.974327
443588,79.256518
443752,79.256518
443884,155.026688
444128,155.026688
444216,26.202191
444744,26.202191
445924,255.766897
445968,255.766897
446340,255.766897
446464,95.505849
447088,482.154985
447188,131.839223
447284,383.006453
447588,431.167021
447748,69.431854
447752,70.372136
447852,70.372136
448104,138.179294
448128,138.179294
448308,138.179294
448380,138.179294
448392,138.179294
448576,138.179294
448832,138.179294
449948,263.382999
450340,263.382999
450632,263.382999
451748,440.097429
451752,521.028636
451908,24.629818
452104,434.826189
452332,93.668813
452392,93.668813
452400,50.638518
452576,50.638518
452832,50.638518
453948,485.124427
454520,87.468047
454632,0.415754
455720,0.415754
455908,468.842951
456332,499.264256
456376,81.254635
456392,81.254635
456400,330.147619
456508,33.150189
456576,33.150189
456620,33.150189
456772,62.783105
456832,62.783105
456916,63.440287
457808,170.494204
458040,30.166414
458388,258.033717
458632,519.314921
458724,14.964656
459164,86.884453
459288,213.832912
459720,213.832912
459944,66.200243
460576,66.200243
460620,66.200243
460772,402.083735
460832,402.083735
461156,402.083735
461272,402.083735
461312,330.833377
461920,330.833377
462068,111.804558
462196,111.804558
462764,111.804558
463092,146.874742
463164,450.213647
463592,450.213647
463756,450.213647
463944,487.785098
464456,487.785098
464576,487.785098
464580,123.204075
464832,123.204075
464912,82.416255
465312,471.206731
465500,16.161868
465936,211.645845
466472,211.645845
466976,123.830233
467052,123.830233
467092,510.474742
467480,59.30574
467944,457.078181
468452,274.956376
468456,274.956376
468560,274.956376
468656,274.956376
468832,274.956376
468856,229.040381
469284,59.317359
469364,59.317359
469500,477.740715
469700,477.740715
469704,477.740715
469904,103.238859
470448,167.426004
470884,151.739993
471164,360.641724
471700,106.959829
472560,106.959829
473284,520.011948
473364,520.011948
473384,26.98229
473520,274.57405
473700,274.57405
473704,274.57405
474884,528.327125
475164,430.22775
475788,76.016222
476560,76.016222
476648,76.016222
477220,76.016222
477384,464.41503
477400,464.41503
477520,493.615576
477700,493.615576
477808,493.615576
477944,97.982294
478884,545.734577
479232,177.529338
479788,520.884318
480312,91.40152
480520,91.40152
480560,91.40152
480884,91.40152
481308,91.40152
481400,91.40152
481520,497.552786
481652,7.260132
482884,417.154702
482976,399.037703
483028,20.025936
483232,530.641293
483724,113.398903
483924,26.977358
484560,26.977358
484884,26.977358
485308,26.977358
485368,219.450283
485400,219.450283
485652,580.574628
485948,52.463978
485956,52.463978
486312,373.835135
486564,45.989138
486804,45.989138
486924,181.483677
486976,321.937987
486988,67.394105
487456,63.812327
488560,63.812327
488884,63.812327
489004,63.812327
489368,546.084475
490116,87.386375
490408,360.279733
490420,360.279733
490804,360.279733
490924,503.357591
491240,167.928369
491384,80.131628
491440,56.058307
491456,571.586615
491796,571.586615
492088,134.618913
492884,134.618913
493604,134.618913
493764,134.618913
494116,606.014618
494248,28.588759
494420,28.588759
494804,28.588759
495440,626.6211
495456,552.308209
495628,552.308209
495672,17.387901
495912,49.691993
495996,49.691993
496044,194.259953
496088,527.340753
496884,527.340753
497516,212.323167
497852,87.838004
497908,87.838004
498396,87.838004
498448,87.838004
498892,87.838004
498968,87.838004
499440,554.664443
499912,489.65441
500088,566.897887
500228,128.128397
500884,128.128397
500928,137.206294
501852,584.85938
501944,18.211314
502120,18.211314
502448,18.211314
502652,143.313897
502656,143.313897
502892,143.313897
502968,143.313897
503848,216.5408
504088,578.480618
504228,550.466336
504564,68.45419
504656,108.623651
504676,108.623651
504928,554.893912
505028,554.893912
505128,114.59614
505132,114.59614
505612,129.734636
506448,129.734636
506656,129.734636
506884,129.734636
506892,129.734636
508564,448.514438
508928,593.304438
509128,549.809731
509132,549.809731
509376,93.043981
509612,587.622737
509720,100.555139
510448,100.555139
510884,100.555139
510892,100.555139
511352,204.110868
512360,434.549758
512928,742.439556
513132,742.439556
513612,690.120201
514280,690.120201
514332,690.120201
514448,690.120201
514644,220.401456
514884,220.401456
515352,541.753071
515568,592.254533
515580,592.254533
515676,42.643521
517168,42.643521
517612,440.406742
518280,440.406742
518644,540.956203
518856,540.956203
518884,540.956203
519068,540.956203
519300,540.956203
519568,576.254737
519580,576.254737
519676,589.975254
519776,21.410819
520608,21.410819
521016,278.441264
521612,689.667438
521708,241.978946
521804,241.978946
522280,241.978946
522352,241.978946
522728,157.344256
523300,157.344256
523476,157.344256
523604,390.468713
523776,478.498091
524116,50.205575
524608,50.205575
525708,537.408881
526352,537.408881
526728,640.91503
527300,640.91503
527468,373.24454
527476,373.24454
527604,580.926425
527912,255.20183
528080,255.20183
528436,117.472492
528608,117.472492
529088,117.472492
529284,256.973917
529372,16.02607
529376,191.553686
529412,191.553686
529580,191.553686
529708,566.741542
529824,566.741542
529916,90.31071
531324,90.31071
531488,265.902764
531604,550.655012
531936,550.655012
532732,550.655012
533052,550.655012
533376,622.286892
533564,622.286892
533824,622.286892
533916,570.299172
534208,570.299172
534552,454.030539
534608,156.766881
535436,156.766881
535488,591.171017
535872,591.171017
536224,591.171017
536460,591.171017
536712,369.48005
536760,369.48005
536904,369.48005
537224,369.48005
537376,552.196201
537564,552.196201
537688,181.405963
538212,181.405963
538316,181.405963
538608,657.417942
539136,657.417942
539168,67.069757
539416,67.069757
539488,612.629799
539756,400.264969
539912,82.481829
540004,35.722537
541224,35.722537
541688,635.193816
542316,635.193816
543136,635.193816
543168,573.822685
543320,400.898546
543416,400.898546
543912,597.269208
544004,594.123445
544912,191.807512
544960,156.130604
545224,156.130604
546316,156.130604
546352,203.051502
546664,203.051502
547136,203.051502
547168,618.925656
547320,530.569423
547416,530.569423
547904,71.160658
548120,71.160658
548144,71.160658
548636,71.160658
548960,531.884078
549160,193.24297
549264,193.24297
549952,193.24297
550352,598.412873
550664,598.412873
551904,503.148939
552144,503.148939
552636,503.148939
552960,550.036896
553128,148.89929
553160,606.483568
553680,606.483568
553952,606.483568
554204,606.483568
554304,202.542794
554352,632.444929
554912,276.277877
555580,416.42385
555816,416.42385
556092,228.541399
556564,410.21183
556636,410.21183
556700,35.469773
557952,35.469773
558132,35.469773
558204,35.469773
558352,589.322292
559516,546.688688
559580,576.223658
560072,576.223658
560092,560.816239
560636,560.816239
561932,560.816239
561952,560.816239
562204,560.816239
562352,691.278311
562832,691.278311
562908,115.498454
563516,590.143284
563580,639.395383
563760,639.395383
563812,568.992039
564072,568.992039
564284,568.992039
564952,568.992039
565824,568.992039
566220,568.992039
566908,685.254478
567116,520.011958
567516,648.725722
567812,547.477164
568036,547.477164
568284,547.477164
568952,547.477164
569068,247.533139
569224,247.533139
570056,517.317679
570220,517.317679
570892,517.317679
570908,172.717362
571516,757.533988
571788,69.476242
572036,69.476242
572436,233.410947
572684,233.410947
572920,128.620821
573012,362.37476
573068,617.78689
573224,617.78689
573852,617.78689
574168,617.78689
574212,479.930296
574220,479.930296
575688,439.31729
575732,439.31729
576036,439.31729
576340,439.31729
576644,437.370328
576864,437.370328
576920,504.130413
577012,638.982117
577024,638.982117
577544,126.824596
578704,204.239908
578812,204.239908
579688,843.279272
579732,843.279272
580036,843.279272
580340,843.279272
580644,608.436412
580920,613.543009
581012,51.928234
582704,596.442569
582812,596.442569
583688,672.622632
583732,672.622632
584036,672.622632
584340,672.622632
584920,662.757136
585012,534.735896
585324,534.735896
585548,112.843291
585880,112.843291
586264,272.615255
586448,272.615255
586704,635.532483
587688,618.685587
588036,618.685587
588340,618.685587
588416,618.685587
588816,618.685587
589548,573.45506
589996,573.45506
590192,573.45506
590264,670.652201
590704,542.908218
590984,60.625325
591688,748.790118
591792,748.790118
592036,748.790118
592084,748.790118
592416,748.790118
593344,748.790118
593548,711.995554
594264,708.712605
594432,708.712605
594804,708.712605
594984,682.073917
595688,739.553513
596036,739.553513
596416,739.553513
596652,739.553513
596760,739.553513
596776,223.622713
596912,448.502762
598264,570.696122
598804,570.696122
598984,629.197657
599360,629.197657
599696,629.197657
600416,629.197657
600480,629.197657
600652,629.197657
600688,629.197657
600776,650.328638
600912,614.801152
601328,378.072304
601484,135.428848
601948,134.977423
602136,134.977423
602264,515.314449
603696,515.314449
604480,515.314449
604652,515.314449
604776,727.851956
605484,678.507679
605948,257.865252
606136,257.865252

606212,257.865252
606828,137.172137
606984,137.172137
607156,137.172137
608252,415.416554
609848,649.027411
610212,708.535081
610356,48.330265
610984,48.330265
611156,48.330265
611296,48.330265
611548,48.330265
612252,618.171637
612404,618.171637
612472,618.171637
612984,170.335077
613848,670.76208
614212,610.867759
614356,671.174641
615296,671.174641
615660,671.174641
616472,671.174641
616828,671.174641
616984,615.391394
617848,745.854061
618212,753.408239
618356,636.570592
619272,636.570592
619296,636.570592
619660,636.570592
619676,636.570592
620760,636.570592
620828,636.570592
620984,730.329965
621828,730.329965
621848,710.304878
622212,663.106919
622356,635.748421
623592,635.748421
623660,635.748421
624388,635.748421
624416,635.748421
624528,527.294257
624760,527.294257
624828,527.294257
625224,527.294257
625500,527.294257
625648,232.057073
625848,574.107936
626004,574.107936
626212,537.106532
626356,664.826599
628760,664.826599
629136,427.444566
629224,427.444566
629500,427.444566
629648,821.849173
629848,637.550057
630004,637.550057
630036,28.660735
630212,781.451635
631596,243.167667
631696,243.167667
631964,105.343934
633136,613.081489
633224,613.081489
633500,613.081489
633604,612.529755
633648,582.037747
634004,582.037747
634148,582.037747
634360,582.037747
635696,582.037747
635964,763.210774
636104,763.210774
636268,466.685443
637224,466.685443
637500,466.685443
637604,609.811152
637648,623.218341
637844,233.902504
637996,56.153522
638360,56.153522
638784,56.153522
639636,56.153522
639852,56.153522
639964,670.142724
640644,670.142724
640652,670.142724
641324,670.142724
641604,556.46044
641844,626.613015
641996,637.953066
642040,61.490625
642204,61.490625
642360,61.490625
642436,61.490625
643964,755.654135
644128,398.16541
644332,80.18041
644652,80.18041
644964,80.18041
645828,324.303043
645844,598.700638
645996,761.810981
646204,761.810981
646436,761.810981
646828,761.810981
647672,761.810981
648332,677.887821
648720,604.454118
648964,604.454118
649844,686.942302
649996,678.108064
650204,678.108064
650828,678.108064
651128,501.738273
651352,501.738273
651672,501.738273
651936,501.738273
652436,501.738273
652720,778.017365
652936,44.866403
652964,44.866403
653020,44.866403
653240,44.866403
653628,541.642664
653996,710.474894
654204,710.474894
654288,174.748679
654444,174.748679
654880,174.748679
655128,710.872781
655848,710.872781
656508,710.872781
656756,710.872781
656936,680.500712
657240,680.500712
657996,676.656409
658288,674.302027
658392,116.092172
658400,9.287467
658776,9.287467
658880,9.287467
659128,763.072827
659200,763.072827
660936,623.165564
661240,623.165564
662392,695.661743
662400,736.753775
662776,736.753775
662880,736.753775
662888,98.54183
663128,721.67348
663200,721.67348
664936,772.799808
665176,379.501535
665240,379.501535
666200,206.269373
666400,633.25828
666776,633.25828
666880,633.25828
667128,684.190277
667200,684.190277
667644,684.190277
667940,684.190277
668936,711.942396
669036,711.942396
669968,711.942396
670200,660.547683
670400,834.414408
670640,52.809639
670880,52.809639
671640,540.477574
671644,540.477574
671940,540.477574
673968,540.477574
674200,691.811087
674400,816.9753
674584,106.088563
674640,708.073798
674880,708.073798
675640,692.961884
675644,692.961884
675752,249.401816
675924,249.401816
675940,249.401816
676476,249.401816
677040,484.968708
677104,444.67467
677208,21.72231
677784,183.734038
678880,183.734038
679196,183.734038
679640,667.716578
679752,732.221183
679924,732.221183
680332,732.221183
680476,732.221183
681140,732.221183
681208,654.570557
681784,825.137708
681980,825.137708
682592,825.137708
682880,825.137708
683640,677.653209
683688,508.583247
683752,678.862122
684332,678.862122
685192,678.862122
685520,327.692207
685784,655.657932
685980,655.657932
686188,655.657932
686592,655.657932
686880,655.657932
687068,655.657932
687208,655.657932
687640,645.120425
687752,734.425633
687780,23.334247
689520,695.244435
689784,765.872977
689964,114.209952
690188,114.209952
690592,114.209952
690916,201.105026
691068,201.105026
691208,201.105026
691384,201.105026
691696,737.533656
691752,724.064401
693448,724.064401
693464,326.225735
693548,444.570627
693784,712.763454
693912,30.427685
694020,42.544334
694592,42.544334
694916,727.418517
695208,727.418517
695384,727.418517
695664,149.573938
695912,149.573938
696216,149.573938
696340,149.573938
696548,448.303127
697464,901.749924
697548,767.205709
698788,196.903948
699208,196.903948
699384,196.903948
699664,651.782045
699912,651.782045
700340,651.782045
700548,707.940595
701176,395.491862
701476,750.148887
702172,133.109753
702512,375.505803
702612,102.455342
702700,672.984805
703208,672.984805
703224,134.52429
703384,134.52429
703628,134.52429
703728,134.52429
703800,134.52429
703912,134.52429
704340,134.52429
705176,707.535727
706440,707.535727
706512,698.721304
706612,598.132488
706644,598.132488
707224,687.174551
707728,687.174551
707800,687.174551
708632,322.012159
709176,621.960787
710204,621.960787
710612,688.888976
710644,688.888976
711024,305.115487
711224,845.468438
711728,845.468438
711800,845.468438
711968,578.539617
712020,144.79105
714204,144.79105
714236,144.79105
714612,913.9591
714644,913.9591
715172,725.894942
715452,223.811201
715800,223.811201
715968,589.939623
716020,831.038341
717884,380.280422
718204,380.280422
718236,380.280422
718424,640.564712
718644,640.564712
719172,716.727786
719592,313.741153
719800,313.741153
719956,313.741153
719968,707.836588
720048,707.836588
721180,707.836588
722204,707.836588
722208,521.500661
722412,521.500661
722424,695.670877
723172,817.950387
723740,817.950387
723956,817.950387
723968,761.013527
724460,115.139947
725180,115.139947
726208,700.173415
726412,700.173415
726424,651.391403
727172,678.448305
727616,279.504841
727740,279.504841
727956,279.504841
728460,696.927171
729180,696.927171
729496,469.729687
730064,469.729687
730208,765.763211
731128,213.333633
731616,723.483953
731740,723.483953
731956,723.483953
732460,746.071085
732748,746.071085
733496,692.973709
733860,692.973709
734064,692.973709
735128,701.138956
735616,731.456667
735740,731.456667
735956,731.456667
736252,731.456667
736460,679.997701
737496,640.075116
737860,640.075116
738064,640.075116
738912,437.408132
739128,726.680023
739184,726.680023
739616,828.562615
739956,828.562615
740252,828.562615
741496,714.504526
741860,714.504526
742204,714.504526
742912,770.427245
743128,707.191097
743184,707.191097
743616,788.149836
743956,788.149836
744252,788.149836
745496,605.059514
745528,605.059514
746204,605.059514
746912,747.295926
747128,44.538193
747616,735.898044
747872,735.898044
747956,735.898044
748252,735.898044
748404,735.898044
749248,442.550172
749496,862.622809
749528,862.622809
750344,862.622809
751128,780.668713
751616,786.662763
751628,786.662763
751956,786.662763
752024,786.662763
753248,900.702993
753496,710.266993
753528,710.266993
754344,710.266993
755128,569.077296
755512,63.472801
755616,726.041152
755628,726.041152
756024,726.041152
757248,827.274839
757496,722.824426
757528,722.824426
758052,165.97863
758344,165.97863
758792,187.809948
759512,647.790537
759616,710.485924
759628,710.485924
760024,710.485924
761248,770.779879
761528,770.779879
761900,770.779879
762344,770.779879
762792,726.08377
763512,932.551084
763616,641.819028
763628,641.819028
764024,641.819028
764364,641.819028
764376,509.589349
765900,509.589349
766236,473.090593
766344,473.090593
766776,612.264203
767136,647.961266
767628,647.961266
768336,647.961266
768376,807.052629
769820,500.424581
769872,500.424581
769900,500.424581
770236,790.118243
770776,844.780341
771392,844.780341
771628,844.780341
772336,844.780341
772376,785.04121
773820,805.865376
773900,805.865376
774236,775.000499
774776,731.857197
775392,731.857197
775484,731.857197
775628,731.857197
775684,731.857197
776300,731.857197
776376,750.624108
777664,750.624108
777820,778.623341
778236,704.473184
778404,704.473184
778696,704.473184
778776,602.451541
779628,602.451541
780300,602.451541
780376,753.680165
781664,753.680165
781820,795.506756
782236,841.020603
782696,841.020603
782776,766.061836
783628,766.061836
783656,766.061836
783908,228.265085
784300,228.265085
784376,701.65646
784700,106.7646
785664,106.7646
785820,770.910993
785960,770.910993
786236,817.671898
787340,817.671898
787468,817.671898
787628,817.671898
787656,817.671898
787908,720.701808
788188,735.240662
788504,527.191961
788944,205.386507
789596,161.742262
789892,72.371954
790056,72.371954
790236,792.184355
791468,792.184355
791628,792.184355
791648,741.389422
791656,741.389422
792504,719.394216
793656,719.394216
793892,753.52099
794056,753.52099
794236,750.023303
795628,750.023303
795648,757.877479
795656,757.877479
796504,742.793667
796516,742.793667
797636,678.394026
797656,678.394026
797940,678.394026
798056,678.394026
798236,759.953396
799628,759.953396
799648,682.521816
800504,783.065447
801636,727.7058
801656,727.7058
801940,727.7058
802056,727.7058
802236,710.326208
803628,710.326208
803648,791.686826
803924,791.686826
804088,791.686826
804412,160.471442
804504,688.585614
804676,59.031631
805636,675.566926
805656,675.566926
805940,675.566926
806056,675.566926
806236,723.288025
806448,723.288025
806524,723.288025
807520,723.288025
807596,723.288025
808504,809.912149
808676,758.871391
809636,967.229045
810056,967.229045
810236,760.104652
810448,760.104652
811520,760.104652
811596,760.104652
812504,734.347077
812676,753.749288
813012,753.749288
813056,753.749288
813196,753.749288
813484,272.37703
813636,753.614122
813736,753.614122
814236,780.865665
814860,408.387616
815020,408.387616
815632,408.387616
816676,800.16666
817196,800.16666
817636,600.680864
817736,600.680864
818236,728.822648
818720,728.822648
818808,146.64971
818860,760.003009
819020,760.003009
819632,760.003009
820536,760.003009
820676,722.367295
821060,108.230711
821180,512.801586
821636,810.642979
821736,810.642979
822400,810.642979
822596,819.452448
823020,819.452448
823632,819.452448
823896,490.00354
825060,762.522707
825180,824.61948
825736,824.61948
826400,824.61948
826596,777.678746
827020,777.678746
827632,777.678746
827896,775.316081
827956,775.316081
829052,775.316081
829060,692.988907
829180,812.675832
829996,812.675832
830400,812.675832
830596,753.973021
831020,753.973021
831896,724.464221
831956,724.464221
832244,724.464221
832340,332.535384
833060,721.624247
833180,788.638617
833388,788.638617
833820,788.638617
833948,788.638617
833996,788.638617
834400,788.638617
835020,788.638617
835896,793.369985
836340,702.894582
837060,792.898176
837180,733.648485
837948,733.648485
837996,733.648485
838400,733.648485
838964,733.648485
839020,733.648485
839896,740.144537
839904,740.144537
840340,755.618456
840672,755.618456
840920,257.510917
841060,716.105139
841180,811.079659
841948,811.079659
842284,811.079659
842964,811.079659
843020,811.079659
844340,789.512179
844672,789.512179
844920,784.349514
845060,685.260304
845180,778.376989
846284,778.376989
846644,432.848807
846964,432.848807
847020,432.848807
848340,812.822381
849060,735.169339
849180,826.880481
850284,826.880481
850376,252.314623
850604,252.314623
850644,786.132768
850824,786.132768
850964,786.132768
851016,786.132768
851020,786.132768
852272,358.884856
852296,358.884856
852340,803.381467
853060,822.088652
854644,824.279338
854824,824.279338
854964,824.279338
855020,824.279338
856272,768.380613
856296,768.380613
856340,711.420409
857060,663.099706
858644,781.452279
858824,781.452279
858964,781.452279
859020,781.452279
859244,781.452279
859432,781.452279
860272,803.116234
860296,803.116234
860340,857.855407
860732,857.855407
861060,735.537597
861196,162.289848
862644,747.450497
862824,747.450497
863020,747.450497
863056,747.450497
863432,747.450497
863892,747.450497
864340,774.854314
864552,774.854314
864944,774.854314
865060,832.47301
865196,829.478082
865896,196.664884
866644,807.694056
866824,807.694056
867020,807.694056
867892,807.694056
868180,807.694056
868340,742.625436
868428,742.625436
868944,742.625436
869196,786.755492
869896,763.380616
870644,775.489309
870888,775.489309
872180,775.489309
872340,835.435667
872428,835.435667
872620,835.435667
872944,835.435667
873080,158.7306
873196,804.272554
873432,804.272554
873896,857.312479
874644,747.276905
874888,747.276905
875048,114.303299
875240,114.303299
875988,114.303299
876620,114.303299
876944,114.303299
877080,774.659461
877196,770.921508
877432,770.921508
877896,767.622753
878408,767.622753
879048,724.826238
879184,724.826238
879684,724.826238
879988,724.826238
881080,747.489377
881196,824.040671
881432,824.040671
881896,853.084879
882440,132.096409
882544,335.576873
882816,335.576873
883048,820.458677
883184,820.458677
883684,820.458677
883944,820.458677
884804,820.458677
885196,776.300486
885336,32.089111
886004,32.089111
886440,832.782769
886544,784.277692
886816,784.277692
887048,774.96116
887684,774.96116
888804,774.96116
889336,830.752161
890004,830.752161
890272,830.752161
890440,916.123424
890544,777.277337
890764,777.277337
890816,777.277337
891048,871.349329
891092,871.349329
891684,871.349329
892744,871.349329
892804,871.349329
893336,722.295363
893660,722.295363
894424,722.295363
894440,754.275349
894544,1017.725827
894764,1017.725827
895048,767.878618
895092,767.878618
895460,767.878618
895724,255.392377
897336,782.937977
897660,782.937977
898164,782.937977
898440,766.867918
898796,766.867918
899048,858.174946
899092,858.174946
899460,858.174946
899724,857.863195
901336,702.934472
901412,702.934472
901676,702.934472
902164,702.934472
902440,871.814004
902796,871.814004
903048,799.393081
903092,799.393081
903724,791.889309
904020,791.889309
905336,894.741938
905676,894.741938
906440,848.984968
906796,848.984968
906880,848.984968
907048,828.832185
907092,828.832185
907668,828.832185
907724,837.342965
908020,837.342965

