timestep,reward
48,-18.393976
68,-18.393976
72,-18.393976
104,-20.515881
120,-21.397337
132,-21.397337
192,-12.980682
236,-65.421069
276,-65.421069
280,-12.677889
344,-45.249328
348,0.107638
364,0.107638
372,0.107638
476,-154.86478
484,-154.86478
552,-46.153137
580,-46.153137
676,-46.153137
720,-46.153137
728,-46.153137
760,-46.153137
772,-49.36133
800,-113.876322
848,-113.876322
864,-113.876322
868,-113.876322
956,-113.876322
964,-120.681804
1008,-8.409557
1036,-304.22177
1068,-304.22177
1104,-116.952513
1128,-116.952513
1156,-30.480926
1192,-38.771389
1208,-40.085999
1224,-40.085999
1244,-92.898621
1292,-92.898621
1460,-38.805241
1532,-109.911024
1564,-117.346505
1600,-117.346505
1604,-39.107376
1612,-39.107376
1652,-39.107376
1756,-46.620385
1820,-34.432658
1860,-18.508907
1872,-140.242506
1884,-140.242506
1936,-140.242506
1956,-81.676184
1984,-81.676184
2064,-81.676184
2172,-79.033107
2360,-79.033107
2548,-79.033107
2780,-79.033107
2816,-249.456058
2856,-6.026017
2896,-6.026017
3024,-46.162351
3040,-46.162351
3488,-82.663059
3620,-9.878472
3704,-24.089393
4180,-127.415649
4436,-96.079741
4548,-37.12751
4580,-37.12751
4864,-37.12751
4872,-80.445699
5108,-80.445699
5156,-1071.209553
5368,-1071.209553
5776,-1071.209553
5860,-1071.209553
5936,-1071.209553
5956,-1076.01739
5988,1.888182
6156,1.888182
6172,-1123.46157
6180,-1123.46157
6184,-275.077264
6428,-275.077264
6444,-94.604981
6516,-8.88797
6556,-8.88797
6564,-8.88797
6568,-19.020853
6644,-19.020853
6648,-19.020853
6660,-131.474721
6692,-131.474721
6824,-43.113607
6900,-43.113607
6924,-36.597377
6980,-36.597377
7032,-36.597377
7040,-36.597377
7064,-27.713626
7116,-27.713626
7232,-27.713626
7296,-27.713626
7312,-27.713626
7408,-27.713626
7440,-27.713626
7584,-155.637738
7684,-155.637738
7788,-155.637738
7952,-155.637738
7988,-155.637738
8024,-155.637738
8044,-155.637738
8204,-155.637738
8324,-155.637738
8376,-225.659889
8408,-225.659889
8576,-225.659889
8580,-225.659889
8584,-225.659889
8696,-225.659889
8784,-225.659889
8872,-1086.041279
8912,-1086.041279
8916,-1086.041279
8996,-1086.041279
9012,-1086.041279
9056,-62.326679
9076,-62.326679
9084,-62.326679
9244,-62.326679
9332,-62.326679
9416,-351.325338
9460,-100.122477
9632,-107.269969
9684,-8.011578
9724,-8.011578
9804,-8.011578
9864,-43.651106
9988,-1061.304783
10028,-1061.304783
10036,-1061.304783
10080,-1061.304783
10128,-1061.304783
10180,-174.87141
10188,-174.87141
10256,-174.87141
10344,-202.181818
10400,-7.551403
10428,-102.275376
10488,-102.275376
10516,-45.218938
10660,-1029.971605
10668,-60.865374
10720,-8.851392
10916,-26.779952
11024,-26.779952
11028,-26.63494
11224,-73.150354
11420,-114.771948
11440,-114.771948
11472,-114.771948
11548,-114.771948
11556,-136.110126
11692,-136.110126
11856,-95.268165
11912,-22.082114
11928,-153.542784
12004,-44.075556
12020,-36.093505
12040,-36.093505
12108,-32.11777
12196,-35.199127
12308,-41.519328
12408,-41.519328
12448,-74.054122
12568,-35.013337
12572,-69.842963
12648,-69.842963
12760,-50.557035
12912,-41.313061
13024,-47.955418
13060,-47.955418
13252,-76.557359
13276,-166.402293
13332,-166.402293
13384,-42.197419
13552,-42.197419
13668,-68.810799
13740,-68.810799
13860,-39.939461
13892,-208.594433
13940,-208.594433
13960,-10.545337
13988,-1039.191912
14104,-47.07246
14108,-47.07246
14220,-47.07246
14256,-47.07246
14304,-62.984219
14380,-140.531177
14484,-140.531177
14516,-1064.360223
14548,-1064.360223
14596,-54.849401
14612,-71.883496
14656,-66.216244
14700,-21.050282
14732,-19.400026
14744,-6.653681
14808,-31.011853
14828,-16.940996
14856,-16.940996
14864,-72.784756
14952,-72.784756
15008,-72.784756
15204,-72.784756
15308,-150.425102
15324,-150.425102
15368,1.756282
15444,1.756282
15528,1.756282
15532,-122.844588
15632,-122.844588
15692,-122.844588
15752,-122.844588
15764,-18.375634
15808,-6.908057
15840,-6.908057
16048,-66.913676
16076,-66.913676
16132,-66.913676
16276,-53.128306
16360,-53.128306
16412,-53.128306
16644,-53.128306
16744,-114.661707
17100,-112.754828
17164,-112.754828
17244,-112.754828
17332,-112.754828
17380,-112.754828
17480,-112.754828
17544,-122.707455
17676,-122.707455
17724,-72.893947
17860,-1072.679378
17916,-1072.679378
17952,-53.712195
17980,-53.712195
18044,-42.235622
18056,-24.853093
18160,-24.853093
18484,-24.853093
18492,-195.650032
18548,-195.650032
18620,-27.407853
18724,-38.850248
18780,-38.850248
18848,-38.850248
18864,-1069.244274
18932,-47.398407
19040,-12.288705
19092,-9.789772
19140,-10.230183
19272,-58.490939
19348,-42.872615
19368,-1053.605238
19420,-37.997812
19576,-61.202033
19660,-17.427835
19704,-17.427835
19752,-17.427835
19856,-17.427835
19864,-86.301716
19908,-86.301716
19956,-124.681252
20020,-145.848874
20112,-145.848874
20184,-94.736249
20268,-66.091224
20272,-66.091224
20380,-95.287784
20404,-4.748384
20432,-4.748384
20456,-0.25819
20480,-0.25819
20540,-0.25819
20564,-24.155199
20604,-24.155199
20740,-24.155199
20796,-24.155199
20908,-24.155199
21032,-24.155199
21076,-24.155199
21332,-24.155199
22044,-986.161495
22124,-9.969911
22208,-1.682063
22256,-9.004743
22548,-9.004743
22700,-178.392611
22720,-178.392611
22884,-178.392611
22896,-25.367679
23192,-25.367679
23420,-25.367679
23544,-25.367679
23864,-1032.312395
23984,-28.250083
24020,-28.250083
24280,-28.250083
24404,-989.004037
24500,-30.01022
24552,-16.133238
24564,-1011.337314
24632,-1011.337314
24668,-37.764728
24740,-37.764728
24844,-37.764728
24948,-19.357706
25076,-19.357706
25148,-45.843323
25152,-45.843323
25332,-45.843323
25388,-45.843323
25396,-45.568861
25424,-212.592587
25468,-212.592587
25516,-33.744589
25528,-33.744589
25696,-49.325715
25812,-60.548983
25856,-17.578774
25896,-17.578774
25964,-17.578774
26116,-120.368473
26280,-120.368473
26360,-70.504482
26436,-70.504482
26508,-77.336028
26568,-77.336028
26596,-70.208806
26620,-20.295139
26700,-9.192995
26852,-58.450994
26896,-961.89479
27136,-16.522976
27180,-120.824717
27196,-11.711163
27380,-44.624774
27432,-17.513368
27544,-28.055133
27756,-71.330923
27848,-71.330923
27912,-71.330923
27936,-71.330923
27984,-1001.946475
28024,-1001.946475
28040,-1001.946475
28376,-1001.946475
28488,-143.835278
28544,-143.835278
28764,-143.835278
28844,-143.835278
28912,-143.835278
28972,-143.835278
29040,-143.835278
29088,-143.835278
30112,-477.481851
30400,-105.734
30436,-105.734
30572,-105.734
30604,-42.157894
30700,-958.586406
30764,-26.996857
30988,-83.013729
31044,-24.578351
31180,-889.887063
31260,-30.246717
31412,-30.246717
31704,-30.246717
31728,-48.743383
31804,-48.743383
31932,-48.743383
31984,-1034.675881
32040,-1034.675881
32052,-33.773311
32232,-33.773311
32340,-33.773311
32448,-122.864194
32492,-122.864194
32508,-8.472104
32536,-119.372116
32588,-3.511779
32708,-18.81222
32728,-32.048997
32860,-51.795805
32880,-51.795805
32912,-51.795805
32936,-21.766184
32944,-21.766184
33088,-21.766184
33140,-21.766184
33340,-21.766184
33468,-147.120329
33496,-147.120329
33556,-147.120329
33636,-147.120329
33680,-34.103865
33712,-34.103865
33804,-34.103865
33868,-210.592872
33880,-210.592872
33900,-8.628509
34108,-49.979253
34364,-65.555157
34408,-65.555157
34516,-65.555157
34536,-74.360575
34660,-74.360575
34720,-36.297799
34764,-962.296466
34784,-962.296466
34852,-962.296466
34924,-61.974837
34940,-61.974837
34960,-83.345419
35040,-83.345419
35044,-923.077171
35108,-923.077171
35132,-9.452049
35176,-44.440975
35264,-37.112056
35336,-12.772025
35372,-14.507613
35480,-9.183505
35588,-39.601526
35724,-58.032416
35836,-65.155176
36076,-55.951036
36260,-104.781689
36376,-18.576067
36448,-23.148505
36676,-61.451334
36880,-61.451334
37500,-61.451334
37632,-61.451334
37680,-859.040904
37712,-859.040904
37796,-28.122088
37804,-28.122088
38020,-28.122088
38024,-28.122088
38064,-28.122088
38108,-99.345203
38140,-99.345203
38172,-99.345203
38332,-61.429579
38356,-61.429579
38384,-61.429579
38572,-61.429579
38596,-48.064876
38644,-48.064876
38800,10.40882
38924,-1034.214532
39024,-98.380033
39052,-24.60322
39108,-24.60322
39124,-11.2644
39216,-11.2644
39676,-141.799386
39752,-20.324357
39932,-20.324357
40004,-69.061334
40076,-938.281259
40120,-938.281259
40136,-21.119049
40196,-56.141763
40312,-56.141763
40408,-56.141763
40676,-949.339959
40800,-174.397043
40940,-69.8985
41000,-32.59653
41136,-58.403659
41248,-70.34839
41328,-37.382662
41408,-31.69863
41472,-58.601041
41544,-16.412267
41616,-21.51403
42140,-21.51403
42384,-21.51403
42440,-21.51403
42644,-21.51403
42820,-21.51403
42880,-21.51403
43124,-936.203916
43224,-936.203916
43328,-936.203916
43616,-936.203916
43724,-200.061629
43760,-200.061629
44136,-991.600548
44268,-41.224309
44340,-12.309366
44408,-12.309366
44436,-167.119058
44472,-37.021726
44492,-6.379463
44680,-33.661187
44724,-40.755237
44752,-28.175666
44972,-78.015506
44976,-78.015506
45044,-12.25519
45160,-12.25519
45408,-854.992772
45464,-102.81991
45532,-14.445965
45596,-14.88962
45616,-916.328775
45812,-70.672256
45844,-209.094237
45884,-74.386407
45940,-91.005063
46088,-52.385288
46152,-52.385288
46180,-107.969591
46252,-25.056353
46312,-33.692413
46320,-33.692413
46424,-146.871466
46440,-146.871466
46508,-44.85494
46548,-44.85494
46660,-44.85494
46732,-53.910853
46768,-53.910853
46776,-53.910853
46840,-84.852137
46892,-84.852137
47000,-84.852137
47108,-84.852137
47184,-84.852137
47232,-84.852137
47252,-84.852137
47508,-84.852137
47520,-123.210276
47692,-123.210276
47760,-59.541423
48056,-59.541423
48060,-59.541423
48116,-59.541423
48192,-59.541423
48372,-92.855518
48484,0.554404
48548,-26.806861
48704,-41.73098
49036,-41.73098
49132,-81.741425
49160,-81.741425
49232,-22.81326
49628,-64.782258
49884,-972.999428
49964,-17.065639
50132,-27.139846
50144,-68.328087
50272,-18.293509
50360,-42.91543
50508,-858.343514
50628,-50.945926
50660,-50.945926
50732,-887.262865
50752,-52.614818
50916,-20.014558
50968,-13.280286
51080,-19.715393
51184,-19.715393
51392,-134.551423
51424,-131.48307
51456,-216.608426
51548,-25.629496
51552,-25.629496
51560,-37.867755
51696,-36.691669
51800,-75.861071
51876,-60.545718
51940,-60.545718
52012,-76.724238
52060,-27.742677
52152,-27.742677
52192,-27.742677
52204,-26.476952
52228,-93.092036
52300,-6.452112
52440,-39.087986
52492,-39.087986
52536,-11.147763
52604,-11.147763
52656,-11.147763
53036,-11.147763
53076,-11.147763
53160,-11.147763
53172,-189.429121
53300,-189.429121
53372,-189.429121
53440,-235.870767
53456,-235.870767
53464,-235.870767
53476,-63.018572
53592,-63.018572
53636,-64.754987
53720,-64.754987
53820,-64.754987
53844,-64.754987
53924,-64.754987
53968,-64.754987
54056,-60.658022
54144,-23.152997
54196,-23.152997
54292,-23.152997
54308,-27.854354
54320,-27.854354
54396,-27.854354
54468,-27.854354
54500,-27.854354
54632,-27.854354
54704,-27.854354
54780,-27.854354
54788,-27.854354
55080,-875.150691
55460,-98.9886
55604,-98.9886
55620,-28.100723
55732,-47.01611
55748,-47.01611
55800,1.356325
55876,-849.100188
56044,-49.032737
56212,-46.703022
56404,-92.220381
56492,-11.7863
56548,-70.86567
56716,-19.512317
56772,-82.688021
56876,-51.522297
57032,-17.483905
57456,-17.483905
57476,-926.814192
57592,-926.814192
57652,-42.795675
57692,-42.795675
57840,-42.795675
58140,-218.653287
58196,-129.739119
58308,-869.528191
58516,-869.528191
58716,-71.809852
58780,-71.809852
58788,-71.809852
58888,-71.809852
59064,-71.809852
59132,-71.809852
59136,-102.736774
59524,-102.736774
59608,-102.736774
59656,-134.782184
59720,-30.908144
59748,-30.908144
59772,-11.176426
59960,-11.176426
60060,-11.176426
60344,-11.176426
60504,-11.176426
60772,-877.566785
60956,-877.566785
61132,-65.560387
61184,-65.560387
61284,-15.928342
61384,-17.677535
61448,-15.55219
61676,-53.061237
61692,-53.061237
61848,-53.061237
61916,-53.061237
61996,-53.061237
62004,-62.290249
62140,-875.013662
62196,-26.621533
62240,-26.621533
62244,-23.739476
62308,-973.655795
62312,-53.302243
62420,-53.302243
62464,-3.296789
62496,-30.940858
62568,-30.940858
62612,-69.577804
62616,-40.572703
62816,-36.74425
62840,-36.74425
62976,-3.413306
62988,-3.413306
63028,-10.746775
63120,-26.780489
63296,-62.748888
63440,-54.771163
63552,-90.70604
63636,-5.175488
63748,-5.175488
63772,-884.260577
63820,-25.679438
63884,0.588512
64064,-65.466669
64152,-65.466669
64168,-113.005518
64180,-16.69046
64200,-104.913791
64248,-19.79674
64384,-15.127312
64416,-15.127312
64540,-65.550532
64544,-17.735466
64612,-20.701056
64660,-20.701056
64716,-42.912144
64772,-42.912144
64808,-72.734432
64820,-19.882492
64832,-19.882492
64912,-32.507186
64956,-87.971996
65036,-87.971996
65088,-87.971996
65144,-87.971996
65184,-87.971996
65260,-64.666525
65264,-64.666525
65304,-64.666525
65328,-64.666525
65556,-165.512283
65820,-227.884408
65900,-127.934428
65936,-1.787293
65964,-14.501416
65996,-14.501416
66040,-12.997817
66084,-7.023546
66148,-27.836871
66160,-127.995383
66184,-127.995383
66212,-1.450568
66304,-32.896076
66356,-30.474909
66620,-40.365348
66840,-49.52117
66856,-132.865143
66904,-11.843494
66988,-11.843494
67012,-32.418981
67192,-32.418981
67288,-22.861619
67344,-7.639195
67380,-7.639195
67428,-19.761589
67440,-839.239725
67692,-35.293596
67768,-29.826192
67784,-16.673545
67960,-47.439466
68028,6.376376
68480,-50.87787
69144,-50.87787
69304,-50.87787
69360,-50.87787
69672,-50.87787
69776,-50.87787
69972,-50.87787
70148,-787.939747
70184,-787.939747
70204,-787.939747
70308,-787.939747
70552,-126.285797
70652,-126.285797
70796,-126.285797
70904,-799.681074
70992,-19.805105
71048,-9.450866
71200,-13.756764
71380,-13.756764
71428,-33.641971
71496,-19.886216
71520,-19.886216
71592,-11.820333
71752,-11.820333
72028,-818.493842
72056,-818.493842
72332,-109.406303
72480,-789.589032
72524,-789.589032
72628,-789.589032
72668,-37.909751
72772,-79.806834
72928,-30.282052
72972,-56.215979
73088,-50.608247
73100,-50.608247
73136,-18.005118
73200,-18.005118
73260,-34.868078
73324,-77.037392
73436,-29.795859
73604,-84.709451
73672,-84.709451
73768,-84.709451
73836,-120.072275
73996,-120.072275
74048,-97.480268
74100,-63.935039
74224,-63.935039
74300,-63.935039
74308,-63.935039
74356,-63.935039
74380,-63.935039
74476,-82.589504
74524,-18.0304
74528,-84.741999
74552,-836.082325
74560,-836.082325
74752,-87.132551
74788,-64.739046
74796,-64.739046
75140,-44.109666
75232,-44.109666
75324,-44.109666
75332,-98.658284
75380,-114.204627
75396,-11.38831
75496,-25.860111
75560,-8.092042
75836,-45.976734
75900,-22.346723
75996,-22.629107
76016,-46.881804
76024,-0.66781
76028,-823.316001
76180,-9.521181
76240,-42.35995
76392,-52.059174
76576,-74.822489
76692,-21.928323
76860,-18.940169
77012,-143.963272
77028,-32.260156
77092,-9.926207
77124,-15.140535
77144,-10.627305
77200,-15.893478
77404,-34.180522
77548,-47.669768
77672,-47.669768
77792,-10.69984
77812,-654.730828
77856,-14.118295
77872,-14.118295
77924,-25.888016
77932,-25.888016
77980,-25.888016
78020,-25.888016
78152,-25.888016
78380,-25.888016
78516,-25.888016
78560,-25.888016
78604,-25.888016
78640,-25.888016
78712,-25.888016
78764,-25.888016
78796,-25.888016
78828,-25.888016
78924,-25.888016
79020,-25.888016
79068,-25.888016
79072,-25.888016
79248,-25.888016
79316,-25.888016
79324,-25.888016
79332,-25.888016
79400,-25.888016
79420,-25.888016
79460,-25.888016
79540,-25.888016
79644,-25.888016
79708,-25.888016
79728,-25.888016
79748,-25.888016
79848,-25.888016
79916,-25.888016
80028,-769.747464
80136,-769.747464
80200,-769.747464
80224,-769.747464
80256,-55.150069
80388,-42.999177
80568,-42.999177
80876,-42.999177
80972,-14.482795
81036,-5.263903
81084,-5.263903
81124,-766.651405
81284,-60.124771
81352,-60.124771
81620,-70.891347
81708,-7.322265
81728,-177.790238
81772,-8.383002
81788,-8.4282
81856,-776.968476
81868,2.020818
81924,-770.467506
81960,-770.467506
81984,-18.57368
82120,-3.622798
82164,-102.439803
82200,-84.546057
82280,-84.546057
82356,-103.491779
82432,-34.644387
82488,-93.917446
82492,1.056937
82712,1.056937
83112,1.056937
83184,-103.967134
83188,-146.00913
83236,-13.478438
83268,-13.478438
83356,-31.937005
83404,-72.933717
83408,-216.644624
83484,-15.091534
83556,-14.035042
83564,-20.480021
83648,-41.225826
83696,-18.469884
83728,-18.469884
83744,-14.279351
83812,-59.883755
83848,-59.883755
83988,-33.306909
84032,-33.306909
84076,-49.359109
84224,-49.359109
84288,-78.979614
84352,-11.195609
84392,-136.49831
84440,-136.49831
84444,-8.686501
84520,-8.686501
84552,-8.686501
84584,-8.686501
84616,-42.404597
84744,-36.316611
84884,26.837144
84976,26.837144
84992,-151.099874
85068,-30.490893
85120,-14.93495
85168,-14.93495
85196,-25.558726
85232,-84.960052
85296,-84.960052
85392,-50.907944
85424,1.936234
85528,1.936234
85612,-95.136548
85624,-95.136548
85712,-27.184166
85800,-27.184166
85808,-27.184166
85832,-96.864755
86036,-38.38412
86200,-794.746715
86240,-58.224527
86260,-15.213687
86296,-15.213687
86320,-15.271096
86384,-16.67821
86500,-161.449851
86536,-31.250934
86808,-39.942624
86980,-31.920698
87108,-13.237773
87244,-129.071959
87268,-129.071959
87300,-62.977422
87396,-25.395015
87512,-22.814746
87552,-55.888382
87644,-18.380309
88032,-18.380309
88076,-755.961396
88132,-73.998107
88240,-47.60607
88556,-24.685158
88604,-43.332506
88664,-42.088838
88844,-86.39526
88904,-23.713314
88968,-36.378774
89052,-59.2078
89112,-16.470463
89192,-18.56286
89284,6.187789
89532,-66.868565
89684,-18.941495
89800,-18.941495
90192,-18.941495
90240,-795.814076
90296,-795.814076
90400,-80.144236
90420,-132.11781
90648,-42.35298
90808,-49.449328
91048,-28.436395
91116,-57.513238
91268,-57.513238
91456,-57.513238
91488,-39.326332
91644,-736.278965
91652,-736.278965
92032,-736.278965
92104,-736.278965
92484,-226.981697
92528,-226.981697
92676,-25.917243
92772,-19.759007
92888,-25.472857
93080,-25.472857
93284,-737.21807
93652,-46.308163
93724,-12.41119
94036,-12.41119
94192,-12.41119
94296,-12.41119
94460,-12.41119
94536,-12.41119
94844,-12.41119
94928,-12.41119
95048,-712.074693
95088,-712.074693
95236,-712.074693
95304,-712.074693
95388,-712.074693
95436,-712.074693
95464,-712.074693
95644,-714.150967
95940,-73.592918
96000,-73.592918
96256,-73.592918
96288,-70.412128
96524,-39.24389
96528,-39.24389
96592,-19.276291
96888,-691.758141
96952,-13.590446
97372,-76.710467
97588,-24.243617
97724,-740.46877
97912,-60.97662
98008,-55.86612
98192,-55.86612
98268,-309.005288
98304,-309.005288
98460,-38.104479
98900,-118.569969
99048,-708.281785
99228,-47.499718
99308,-19.677445
99436,-19.677445
99444,-5.628217
99500,-5.628217
99504,-69.869473
99516,-18.186715
99560,-18.186715
99624,-18.186715
99664,-18.186715
99688,-18.186715
99740,-24.028717
99928,-24.028717
99996,-86.810559
100072,-76.139609
100148,-76.139609
100256,-76.139609
100384,-115.639597
100528,-115.639597
100580,-115.639597
100648,-87.667859
100724,-87.667859
100784,-11.668366
100876,-11.668366
100900,-28.516042
100972,-14.691604
101036,-14.691604
101148,-34.94131
101172,-34.94131
101268,-25.422475
101540,-25.422475
101572,-25.422475
101684,-49.080652
101772,-49.080652
101784,-49.080652
101912,-662.592583
101968,-662.592583
101980,-72.267227
102008,-741.293846
102084,-19.327455
102128,-19.327455
102184,-22.953134
102264,-55.501931
102340,-55.501931
102504,-55.501931
102592,-35.320174
102736,-35.320174
102936,-35.320174
103108,-133.583101
103120,-133.583101
103208,-133.583101
103280,-133.583101
103372,-31.58086
103376,-31.58086
103400,-31.58086
103436,-12.646891
103552,-21.692353
103640,-24.034783
103688,-24.034783
103692,2.414238
103720,2.414238
103736,2.414238
103848,-25.884596
103864,-25.884596
103928,-25.884596
103936,-25.884596
103952,-25.554867
103996,-716.334208
104012,-716.334208
104148,-716.334208
104312,-43.412892
104408,-43.412892
104468,-43.412892
104472,-34.865783
104592,-110.958219
104704,-110.958219
104768,-87.893026
104840,34.195037
104868,34.195037
104952,34.195037
105172,-38.678222
105324,-108.688754
105488,-5.711112
105620,-5.488825
105728,-5.488825
105808,-5.488825
105912,-698.789605
105920,-698.789605
106184,-70.84639
106544,-70.84639
106568,-60.547053
106592,-628.950309
106640,-53.471268
106704,-53.471268
106764,-53.471268
106964,-30.37978
107104,1.616121
107236,-8.445609
107424,-16.511919
107508,-16.294705
107860,-72.534905
107928,-72.534905
108036,-13.585378
108228,-31.428144
108276,-23.676155
108444,-37.581687
108588,1.630655
108636,-7.08855
108704,-7.08855
108864,-7.08855
108952,-7.08855
108960,-9.392227
109016,-9.392227
109060,-9.392227
109256,-9.392227
109272,-13.755484
109324,-623.469849
109400,-623.469849
109464,-9.355763
109548,-9.355763
109556,-26.095615
109564,-37.388373
109676,-37.388373
109700,-37.388373
109748,-18.277128
109792,-7.194626
109812,-7.194626
109844,-64.776761
109848,-64.776761
109916,-64.776761
109944,-23.654898
109952,-23.654898
110004,-23.654898
110012,-9.772162
110056,-12.588476
110336,-12.588476
110388,-12.588476
110412,-31.264821
110464,-31.264821
110568,-619.130001
110620,-619.130001
110640,-624.333484
110744,-23.069013
110756,-131.23042
110764,-131.23042
110896,-131.23042
111072,-131.23042
111220,-124.988011
111312,-106.185332
111460,-73.794935
111540,-73.794935
111680,-12.615532
111732,-79.510756
111788,-79.510756
111796,0.298737
111928,0.298737
111940,0.298737
111960,4.273501
111972,-79.128356
112060,-4.858156
112092,-20.763354
112144,-20.763354
112196,-20.763354
112272,-20.763354
112308,-48.866654
112384,-48.866654
113408,-48.866654
113532,-48.866654
113604,-48.866654
113644,-48.866654
113748,-48.866654
114200,-48.866654
114284,-48.866654
114404,-48.866654
114596,-48.866654
114640,-606.823334
114764,-606.823334
114836,-65.437898
114848,-65.437898
114904,-65.437898
114908,-8.166773
114960,-13.285848
115212,-13.285848
115336,-13.285848
115464,-34.391196
115504,-34.391196
115540,-21.527238
115656,-21.527238
115680,-636.482932
115712,-39.447763
115920,-42.932967
115952,-42.932967
116060,-692.052236
116088,-114.641551
116096,-27.834663
116128,-7.381127
116180,-25.350256
116220,-25.350256
116232,-9.994358
116272,-9.994358
116308,-654.095063
116328,9.536471
116380,-3.522671
116448,-3.522671
116684,-53.805644
116736,-9.642517
116808,-71.020096
116832,-71.020096
116960,-29.822069
117064,9.538287
117160,9.538287
117216,-21.572245
117276,-21.572245
117384,-6.095919
117416,-6.095919
117580,-47.106542
117976,18.066067
118444,-109.901004
118904,-109.901004
118980,-97.971774
119128,-97.971774
119368,-28.688854
119576,-28.688854
119600,-14.819629
119932,-33.345774
119972,-33.345774
120092,-33.345774
120128,-655.345574
120272,-655.345574
120308,-588.641435
120336,-588.641435
120424,-588.641435
120612,-588.641435
120644,-37.265191
120664,-133.490653
120736,-658.755035
120824,-15.056236
120852,12.260481
120856,12.260481
120968,12.260481
121060,-46.234889
121160,-46.234889
121244,-11.525955
121292,-11.525955
121352,-11.525955
121412,-15.728612
121416,-15.728612
121488,-78.520259
121496,-78.520259
121584,-20.838463
121696,-32.47078
121700,-32.47078
121728,-189.363094
121796,-189.363094
122068,-50.899727
122080,-49.420937
122172,9.683481
122268,-19.295904
122280,-19.295904
122284,-19.295904
122460,-43.839631
122520,-43.839631
124128,-624.107506
124372,-32.836563
124564,-19.141463
124676,-3.66383
125160,-3.66383
125280,-3.66383
125292,-3.66383
125320,-60.007104
125324,-479.576962
125356,-479.576962
125372,-16.241996
125468,-16.241996
125672,-16.241996
125748,-92.010704
125832,-132.380361
125900,-0.696789
126032,-33.958437
126040,-33.958437
126068,-560.064669
126120,10.633684
126156,-19.612959
126188,-20.832544
126196,8.862001
126252,-5.29643
126268,-618.374819
126284,-618.374819
126336,-618.374819
126348,-48.716209
126408,-28.199325
126464,-28.199325
126520,-28.199325
126548,-28.199325
126588,-60.34235
126620,-60.34235
126672,-54.048316
126728,-54.048316
126752,-126.645028
126792,-10.267294
126808,-39.259727
126920,-34.82163
126948,-34.82163
127008,4.208319
127040,4.208319
127108,-3.067977
127164,-16.942949
127204,-16.942949
127216,-16.942949
127268,-7.528556
127544,-7.528556
127620,-7.528556
127776,-7.528556
128012,-7.528556
128136,-7.528556
128160,-7.528556
128200,-146.810082
128208,-146.810082
128352,2.923818
128376,2.923818
129672,2.923818
129828,2.923818
130076,2.923818
130228,2.923818
130336,2.923818
130556,2.923818
130588,-664.206882
130788,-664.206882
130808,-619.781475
130972,-40.049569
131076,-8.679221
131108,-602.03509
131188,-602.03509
131364,-55.963221
131472,-33.028057
131620,-100.155327
131920,-38.109377
132092,-38.109377
132160,-38.109377
132352,-544.809035
132376,-544.809035
132456,-544.809035
132504,-180.482175
132604,-180.482175
132684,-4.285571
132756,-4.285571
132804,-4.285571
132872,-68.195497
132912,-68.195497
133140,-29.468425
133156,-29.468425
133220,-16.541364
133304,-16.006281
133428,-64.963337
133468,-64.963337
133524,-30.75843
133596,-19.198956
133692,-19.198956
133792,-19.198956
133864,-19.198956
133928,-56.728161
134016,-49.449935
134148,-30.092411
134244,-30.092411
134336,-30.092411
134400,-72.196264
134592,-72.196264
134672,-72.196264
134796,-72.196264
135060,-59.246742
135108,-605.744804
135196,-605.744804
135296,-23.091158
135504,-23.091158
135532,-32.887876
135572,-85.107644
135672,-28.914168
135816,-69.6532
135920,-628.759446
136048,-7.605175
136160,-7.605175
136176,-57.238267
136204,-47.225297
136260,-55.527424
136440,-48.703461
136472,-11.284203
136520,-20.98487
136652,-12.39552
136692,-12.39552
136712,-1.578132
136804,-1.578132
136984,-1.578132
137144,-1.578132
137556,-1.578132
138148,-621.723261
138320,-16.360066
138672,-16.360066
138892,-16.360066
139388,-16.360066
139500,-16.360066
140140,-16.360066
140176,-602.553901
140472,-534.931679
140580,-17.017955
140596,-39.353794
140712,-569.095744
140828,-569.095744
140900,-52.754839
140984,-52.754839
140988,-37.054574
141144,-37.054574
141228,-37.054574
141264,-91.629454
141300,-23.052834
141432,-19.698064
141448,-19.698064
141532,-22.534794
141556,-22.534794
141560,-9.620799
141612,4.755517
141640,-3.852373
142008,-37.080347
142184,-8.287688
142236,-8.287688
142320,-523.638006
142416,-523.638006
142568,-523.638006
142624,-54.002095
142796,-18.826504
143248,-18.826504
143664,-18.826504
144048,-170.668978
144400,-32.562843
144444,-32.562843
144452,-5.143716
144520,-14.35325
144536,-14.35325
144712,-487.949934
144852,-51.750306
144984,-51.750306
145228,-51.750306
145448,-51.750306
145624,-51.750306
145640,-493.303578
145724,-87.521924
145796,-22.107877
145868,-46.922796
146008,-46.922796
146184,-513.820689
146212,-83.392687
146304,-83.392687
146396,-59.789014
146420,-14.01559
146780,-18.089705
146904,-18.089705
146944,-18.089705
147000,-15.341852
147076,-30.980057
147140,-30.980057
147156,-105.080043
147228,-105.080043
147368,-40.979943
147528,8.823304
147680,8.823304
147824,-75.701122
148172,-33.750581
148516,-128.158933
148536,-128.158933
148628,-29.638745
148692,5.570819
148712,-470.086101
148940,-21.788739
148984,-21.788739
149156,-21.788739
149168,-60.304423
149204,-59.856873
149228,-59.856873
149240,-59.856873
149300,-24.199629
149324,-62.159276
149428,-62.159276
149480,-26.696842
149496,-26.696842
149520,-26.696842
149576,-26.696842
149628,-26.696842
149640,-26.696842
149696,-43.762202
149744,-57.740361
149840,-9.984
149900,-9.057687
150036,-79.401962
150048,-6.687921
150212,-465.225632
150260,-465.225632
150288,-27.656097
150384,-56.885604
150388,-56.885604
150452,-56.885604
150556,-56.885604
150576,-56.885604
150696,-56.885604
150708,-107.582492
150748,-107.582492
150788,-12.828587
150916,-12.828587
150968,-116.157878
151160,-30.028628
151236,-81.231062
151316,-19.215525
151340,10.492543
151420,-102.39715
151480,-20.124101
151528,-20.124101
151680,-20.124101
151684,-1.323472
151776,-1.323472
151800,-21.769163
151896,-28.47621
151920,-28.47621
151964,-10.32947
152076,-26.468098
152112,-21.121725
152268,-18.193279
152324,-18.193279
152416,-74.611648
152472,-7.983096
153204,-438.782314
153240,-438.782314
153244,-66.823143
153252,-1.876908
153328,-6.915418
153360,-13.691382
153376,-172.48535
153432,-172.48535
153452,-1.748751
153572,-26.85449
153644,-20.440478
153672,-17.586622
153704,-1.67756
153792,-31.303173
153832,-63.626266
153988,-7.11328
154040,-4.420965
154148,-44.918697
154252,-16.959951
154460,-16.959951
154480,-66.929907
154516,-66.929907
154528,-62.043357
154648,-23.499725
154664,-9.178485
154740,-0.670687
154748,-46.880171
154796,-1.398767
154924,-1.398767
155028,-52.986012
155084,-13.134866
155316,-447.528361
155428,-42.822885
155528,-42.822885
155580,-6.76675
155608,-7.719043
155668,-7.719043
155680,-7.719043
155768,-33.708437
156176,-33.708437
156324,-33.708437
156404,-33.708437
156508,-33.708437
156620,-33.708437
156648,-33.708437
156684,-33.708437
156784,-33.708437
156812,-33.708437
156900,-33.708437
157020,-33.708437
157120,-33.708437
157300,-33.708437
157712,-33.708437
157776,-33.708437
157888,-33.708437
158032,-33.708437
158096,-33.708437
158100,-33.708437
158208,-33.708437
158292,-33.708437
158328,-33.708437
158372,-33.708437
158408,-33.708437
158440,-33.708437
158452,-33.708437
158620,-33.708437
158740,-424.251798
158748,-440.904362
158808,-440.904362
158904,-14.281076
158924,-14.281076
159088,-14.281076
159212,-14.281076
159344,-14.281076
159372,-4.948913
159496,-4.948913
159536,-4.948913
159568,-4.948913
159580,-23.208731
159608,-469.900515
159696,-69.516912
159744,-11.14233
159768,-511.285352
159824,-511.285352
159844,-22.112062
159864,-22.112062
159932,-10.772979
159944,-10.772979
160004,-38.352753
160152,-41.805532
160160,9.955134
160232,2.730229
160268,-3.668583
160280,-11.290911
160352,-11.290911
160416,-22.050968
160652,-9.619099
160784,-15.621171
160796,-15.621171
160812,-15.621171
160892,-10.759883
160940,-10.759883
160952,-75.736696
161020,-12.963145
161032,-12.963145
161236,7.330172
161240,-40.659381
161248,-40.659381
161392,-40.659381
161576,-40.659381
161596,-54.501211
161632,-54.501211
161660,-54.501211
161752,-54.501211
161816,-54.501211
162004,-54.501211
162188,-47.202547
162292,-47.202547
162328,-21.327872
162544,-13.777256
162612,-17.818055
162772,-13.919716
162816,-149.902347
162852,-149.902347
162924,-149.902347
162956,-16.598015
163088,-16.598015
163100,4.913702
163104,4.913702
163172,-1.994115
163248,-4.029201
163260,-4.029201
163268,-4.029201
163272,-4.029201
163340,-4.029201
163344,3.163138
163420,3.163138
163432,3.163138
163552,-37.253829
163620,14.799999
163632,14.799999
163648,14.799999
163816,14.799999
163912,-58.516409
164156,-125.874678
164212,-125.874678
164220,-9.640086
164232,-539.921264
164252,-539.921264
164328,-539.921264
164404,-43.793291
164416,-469.896427
164420,-38.425001
164452,-7.791304
164520,-24.311209
164536,28.462287
164568,-3.051387
164620,-6.684458
164656,-30.661992
164760,-38.64159
164836,-27.159729
164848,-9.697736
164976,-9.697736
165016,-9.697736
165068,-38.859286
165104,-38.859286
165200,-33.588032
165356,-57.963336
165520,-38.631431
165672,-38.631431
165704,-51.512486
165712,-35.489717
165768,1.076595
165816,-7.289917
165940,-28.347807
165948,-16.105324
165952,-16.105324
166028,-16.105324
166108,-3.36618
166292,-3.36618
166532,-3.36618
166664,-76.987228
166728,11.390285
166800,1.690197
167200,-82.416576
167300,-1.043022
167636,-1.043022
167904,-1.043022
168040,-1.043022
168116,-1.043022
168328,-1.043022
168344,-1.043022
168400,-160.644522
168468,-160.644522
168592,-160.644522
168760,-423.488711
168884,-423.488711
168900,-423.488711
168908,-13.120729
168972,-64.126699
169016,-64.126699
169156,-64.126699
169200,-38.359578
169268,-14.013372
169352,-14.013372
169480,-19.410851
169572,-63.636427
169620,2.04266
169816,-395.139889
169948,-374.134294
170028,-374.134294
170180,-101.141486
170244,-14.867064
170252,-14.867064
170256,-39.166711
170340,-39.166711
170348,-6.980818
170544,1.181413
170672,0.025755
170816,-38.699293
170968,-12.158868
171840,-128.007308
172308,-72.900611
172596,-25.331947
172772,-12.758614
172940,-36.230496
173016,-36.230496
173088,-36.230496
173156,-36.230496
173352,-36.230496
173428,-36.230496
173620,-385.469407
173712,-1.650427
173752,-11.122332
173772,-11.122332
173812,-4.056164
173828,11.939475
173896,-9.810193
173944,-9.810193
173976,-9.810193
173984,0.984282
174076,0.984282
174080,0.984282
174180,-420.239248
174256,-379.981608
174340,-379.981608
174344,-51.567399
174364,-13.975167
174440,-13.975167
174452,-86.148446
174468,17.792492
174476,-34.698975
174488,-34.698975
174496,-34.698975
174608,-34.698975
174636,-16.593061
174656,-16.593061
174736,-10.975245
174800,-24.733625
174820,-24.733625
174868,-26.466476
174884,16.419862
174932,3.510923
174992,-7.951733
174996,-0.218097
175032,-12.140007
175036,-12.140007
175088,-59.618593
175196,0.596843
175208,-17.966609
175272,-17.966609
175276,-9.763943
175392,-97.9232
175552,-39.183302
175600,-20.509281
175664,-20.509281
175672,-30.29946
175740,27.72079
175800,-17.064095
175896,-17.064095
175936,-11.275925
176012,-11.275925
176128,-10.65328
176196,-8.456642
176248,-9.220044
176368,-0.574607
176408,-0.574607
176460,-0.574607
176484,-38.489659
176544,2.724547
176652,2.724547
176672,17.620295
176760,-9.14256
176840,-9.14256
177036,-9.14256
177268,-9.14256
177280,-66.153522
177312,-91.622331
177472,-18.946228
177620,-18.946228
177744,-18.946228
177852,-18.946228
178080,-18.946228
178392,-33.803379
178488,-33.803379
178648,-33.803379
178692,-99.655788
178768,-99.655788
179036,-21.995885
179052,-21.995885
179176,-15.498494
179244,-13.661305
179260,-13.661305
179392,-420.17754
179436,-420.17754
179512,11.488671
179636,3.342074
179676,-4.824274
179740,-324.572395
179768,7.572729
179800,-20.615904
180012,-32.399599
180040,-32.399599
180244,-31.54644
181268,-31.54644
181300,-31.54644
181312,-425.502215
181572,-425.502215
181852,-425.502215
182104,-425.502215
182112,-425.502215
182488,-425.502215
182616,-425.502215
182804,-425.502215
183424,-425.502215
183512,-425.502215
183740,-348.445566
183768,-351.919815
183824,-351.919815
183872,-1.90211
184056,9.734718
184092,-35.827198
184244,-332.96557
184484,-10.748294
184728,-15.91001
184804,-15.91001
184812,-105.044701
184876,-1.567628
184960,-1.510824
185144,-0.353913
185264,1.410693
185276,-6.967336
185312,-388.791384
185388,-31.533613
185496,-24.830753
185584,-31.025118
185608,-48.000166
185692,-10.010745
185796,-60.300839
186088,-76.633424
186276,-114.814683
186300,-35.501107
186488,-35.501107
186492,-27.596235
186616,-27.596235
186720,-109.800265
186764,-0.667218
186772,-21.295613
186836,-5.991062
186868,10.159629
186984,17.691042
187028,-15.825816
187364,-15.825816
187432,-15.825816
187460,-39.638176
187484,-39.638176
187528,-11.475687
187620,-11.475687
187676,-11.475687
187756,-39.075378
187824,-39.075378
187892,-12.770826
187896,-12.770826
188024,-12.770826
188076,-12.770826
188112,-18.379141
188144,-18.379141
188204,-5.193149
188256,-5.193149
188300,-5.193149
188516,-5.193149
188796,-5.193149
188804,-5.193149
188812,-396.483573
189004,0.367227
189052,0.367227
189076,0.367227
189216,23.419047
189244,-40.20646
189256,-40.20646
189420,-40.20646
189512,-33.753177
189528,-33.753177
189652,-33.753177
189664,-33.753177
190004,-81.765487
190072,-63.513674
190128,1.687949
190168,-17.995422
190300,-414.929813
190316,-16.405366
190444,13.39081
190528,0.644089
190676,5.236004
190768,-15.541902
191012,-12.801957
191028,-368.769899
191100,-10.13903
191128,8.347968
191296,-22.161665
191316,-29.513254
191440,-4.837207
191644,-8.677191
191664,-8.677191
191704,-28.564125
191820,-28.564125
191872,-23.776762
192080,-23.776762
192128,-10.641944
192204,-10.641944
192232,-41.009053
192356,-41.009053
192580,-28.562664
192804,-28.562664
192864,-28.562664
193052,-28.562664
193152,-28.562664
193268,-28.562664
193368,-28.562664
193624,-28.562664
193652,-28.562664
194036,-28.562664
194092,-28.562664
194128,-323.599932
194144,-323.599932
194232,-323.599932
194240,-323.599932
194288,-323.599932
194304,-323.599932
194336,-323.599932
194376,-323.599932
194408,-323.599932
194496,-323.599932
194500,-323.599932
194744,-323.599932
194840,-323.599932
194900,-323.599932
194988,-323.599932
195128,-332.885515
195240,-332.885515
195300,-332.885515
195380,-332.885515
195432,-140.558043
195628,-91.248394
195644,-343.614487
195716,-15.320683
195804,-15.320683
195820,-63.528385
195980,20.136367
196004,-61.062316
196064,-10.093949
196100,0.958094
196340,-3.970234
196488,-17.409452
196580,-308.965058
196700,-22.209219
196796,-54.894943
196860,-8.954931
196920,-17.068649
196976,4.686816
197052,4.686816
197088,-21.290561
197636,-21.290561
197900,-63.726504
198076,-63.726504
198132,-63.726504
198212,35.848538
198408,35.848538
198552,35.848538
199020,-20.80026
199240,-20.80026
199380,-20.80026
199408,-46.037308
199796,-46.037308
199820,-244.482897
199844,-27.251004
199892,-27.251004
199944,5.177794
200044,-12.114228
200048,-5.871892
200064,-230.852515
200156,14.543787
200240,-49.591434
200260,-13.177018
200324,-19.038634
200404,-3.737472
200604,-8.125247
200668,-8.125247
200680,-8.125247
200776,-38.406242
200920,-259.537901
201048,-259.537901
201064,-110.615154
201464,-23.189071
201632,-41.841074
201648,-41.841074
202132,-41.841074
202292,32.1575
202552,32.1575
202632,32.1575
202644,-4.10326
202716,-4.10326
203048,-24.412753
203124,-24.412753
203540,-24.412753
203568,-24.412753
203800,-24.412753
204008,-24.412753
204464,-24.412753
204604,-294.926107
204668,-294.926107
204732,-294.926107
204736,-294.926107
204776,-292.431858
204792,-292.431858
205008,-292.431858
205052,-44.228214
205132,-44.228214
205192,-9.166847
205212,-9.166847
205352,-9.166847
205456,-76.215468
205464,-313.321429
205608,-313.321429
205648,-313.321429
205868,-59.433725
205952,-59.433725
206064,22.216484
206132,-61.768078
206164,-61.768078
206172,0.820775
206232,-11.413306
206252,-11.413306
206472,-11.413306
206500,31.371916
206592,31.371916
206840,31.371916
206888,25.445746
206896,25.445746
206960,25.445746
207048,-260.333798
207120,-260.333798
207296,-17.561737
207528,0.646677
207540,0.646677
207648,-34.434605
207656,-4.70269
207968,19.664976
208040,19.664976
208064,-13.265116
208324,19.575543
208484,10.31752
208744,10.31752
208864,-16.628447
208928,-16.628447
208968,-9.290133
209340,-9.290133
209364,-9.290133
209464,-291.019029
209596,-291.019029
209616,-13.357473
209668,-29.353168
209732,-2.020953
209892,-2.020953
209928,-2.020953
210064,-213.257824
210108,9.763547
210164,9.763547
210592,9.763547
210616,9.763547
210636,9.763547
210648,-87.043994
210916,9.97566
211076,9.97566
211112,9.97566
211152,-7.102156
211172,-7.102156
211280,-7.102156
211344,-7.102156
211380,-7.102156
211488,-7.102156
211652,-7.102156
211656,-258.853597
211788,-258.853597
211828,-258.853597
212048,-36.600955
212116,11.067049
212292,-16.199638
212884,-35.764567
212988,-35.764567
213044,-3.983488
213144,-3.983488
213496,-3.983488
213616,-313.378349
213800,-2.103172
213836,-2.103172
213880,-38.128172
213928,-38.128172
213932,-38.128172
213992,-38.128172
214044,-38.128172
214108,-215.036381
214204,-9.30623
214276,-4.458475
214376,-4.458475
214564,-4.458475
214648,-77.474049
214832,-77.474049
214928,-77.474049
215152,-287.087262
215180,-78.159108
215280,-78.159108
215312,-78.159108
215444,0.37555
215552,2.856141
215588,6.882331
215864,-26.815339
215976,-26.198107
216064,-26.198107
216068,-26.198107
216232,-21.812991
216292,-21.812991
216380,-31.450925
216428,-31.450925
216476,-28.444095
216480,-28.444095
216624,-28.444095
217308,-28.444095
217432,-25.134646
217800,-301.666097
217892,-301.666097
218076,-301.666097
218176,-301.666097
218228,-21.825588
218232,15.305315
218240,15.305315
218276,-262.007565
218404,-262.007565
218516,-16.166865
218604,-16.166865
218748,37.481252
218884,-0.219379
219032,-0.89187
219064,-6.323789
219216,10.643112
219304,-1.064264
219392,20.842266
219720,-58.252521
220028,-28.066195
220064,-28.066195
220068,-28.066195
220080,3.847144
220380,-279.53412
220644,-279.53412
220664,-4.26722
220676,-19.700746
220724,-45.830663
220776,-5.53036
220804,-5.53036
220948,-5.53036
221056,41.670807
221060,41.670807
221072,41.670807
221512,-19.043647
221544,-19.043647
221668,-9.193901
221684,-9.193901
221760,-8.708916
221796,-33.708234
221812,-33.708234
221936,-33.708234
221960,-44.930957
222068,-5.31843
222252,-22.341801
222348,-22.341801
222404,-22.341801
222504,-9.447372
222516,22.351879
222524,22.351879
222604,22.351879
222668,22.351879
222728,22.351879
222776,22.351879
222872,22.351879
222920,22.351879
222944,22.351879
222984,22.351879
223112,22.351879
223160,22.351879
223244,22.351879
223304,-191.54207
223492,-0.398535
223500,-134.368725
223560,-4.359163
223696,-4.359163
223704,-4.359163
223732,-4.359163
223796,-4.359163
224008,-4.359163
224072,-4.359163
224084,-13.335073
224108,-13.335073
224236,-13.335073
224476,-50.015356
224564,-50.015356
224576,4.865569
224612,4.865569
224676,-205.190286
224852,-14.96544
224928,-14.96544
225000,-14.96544
225084,-14.96544
225136,-14.96544
225180,-30.734319
225380,5.101772
225676,5.101772
225680,5.101772
225768,9.515944
225812,9.515944
225824,9.515944
225992,9.515944
226196,-37.317636
226320,-37.317636
226404,2.052023
226432,2.052023
226516,-178.236811
226708,-178.236811
227084,-178.236811
227204,-178.236811
227500,-162.049043
227588,-162.049043
227704,-162.049043
227744,-162.049043
227780,-162.049043
227796,-162.049043
227928,5.345893
227972,5.345893
228736,5.345893
228864,5.345893
229224,5.345893
229252,5.345893
229328,5.345893
229404,5.345893
229568,5.345893
229760,5.345893
229824,5.345893
229968,5.345893
230196,-269.100665
230404,-94.99791
230420,-94.99791
230464,-37.080806
230472,-37.080806
230516,2.174646
230548,-9.455537
230596,25.816305
230748,-21.431999
230804,-21.431999
230940,-6.131978
231016,-0.401088
231048,-0.401088
231072,-25.000782
231084,-25.000782
231112,-20.571186
231156,-41.860016
231180,-41.860016
231236,-32.166234
231260,-32.166234
231316,-32.166234
231332,12.303763
231444,-7.394448
231452,-7.394448
231504,-7.394448
231528,-31.775157
231572,8.750098
231616,8.750098
231620,8.750098
231672,8.750098
231688,-22.414744
231756,12.354132
231800,-24.423541
231892,-24.423541
231928,-195.889681
231940,12.544683
231952,12.544683
232192,24.050632
232280,24.050632
232472,-3.723413
232476,-3.723413
232548,-3.723413
232972,64.654104
233136,64.654104
233172,-3.660274
233356,-25.821965
233760,-25.821965
233960,-25.821965
234700,-25.821965
235328,-25.821965
235756,-233.380573
235820,-5.392375
235940,-139.752826
236016,-139.752826
236032,-15.495388
236472,-192.949632
236476,-192.949632
236584,-192.949632
236608,2.673353
236676,2.673353
236776,43.210718
236872,-15.554878
236996,3.876994
237136,3.876994
237148,-31.897973
237348,-31.897973
237352,-38.257538
237356,-183.915802
237436,-183.915802
237464,-15.547146
237548,1.059321
237700,24.829748
237756,-9.487376
237824,-9.487376
237848,-9.487376
237960,-9.487376
238044,-9.487376
238164,-20.260418
238272,-20.260418
238284,-20.260418
238348,24.07015
238444,24.07015
238688,-35.722187
238704,22.951295
238736,22.951295
238776,-50.17705
238976,-82.69491
239008,-82.69491
239052,-4.139631
239128,-4.139631
239196,-4.139631
239200,-21.458486
239368,9.272583
239396,-8.156389
239404,-8.156389
239648,11.737808
239928,-15.491508
240032,-67.248957
240176,36.970083
240448,36.970083
240516,36.970083
240584,36.970083
240644,6.641569
240732,6.641569
240984,-15.759182
241012,-15.759182
241048,-9.220174
241088,-3.833503
241204,-2.318986
241268,-2.318986
241424,17.906528
241520,17.906528
241972,17.906528
242204,17.906528
242272,17.906528
242436,17.906528
242680,-1.849283
242712,-1.849283
242872,2.829084
242932,2.829084
242956,2.829084
242988,2.829084
243128,2.829084
243200,-88.416014
243296,-2.31284
243636,-23.651381
243640,49.164358
244320,18.18409
244732,18.18409
244756,29.887159
245020,29.887159
245048,-147.546838
245176,-147.546838
245424,-165.65808
245540,-165.65808
245548,-14.276127
245680,-12.059109
246868,-84.007103
246956,-84.007103
246988,-84.007103
247120,-84.007103
247128,-84.007103
247156,-84.007103
247192,-84.007103
247208,-84.007103
247336,-84.007103
247368,8.170734
247416,8.170734
247532,-25.896737
247640,-111.971552
247788,-111.971552
247888,-111.971552
248268,-111.971552
248456,-111.971552
248628,-92.827313
248756,-83.481641
248960,-83.481641
249048,-34.666242
249532,14.798633
249540,14.798633
250000,14.798633
250244,-16.150034
250444,13.895107
250520,-0.491235
250620,-1.52075
251192,-1.52075
251208,-1.52075
251520,-1.52075
251532,-66.79182
251624,-66.79182
251692,-86.168462
252028,-86.168462
252100,-86.168462
252344,-86.168462
252396,-86.168462
252528,-86.168462
252572,-86.168462
252628,-16.554148
252692,-16.554148
252756,-85.632782
252856,-16.000626
252904,-16.000626
252960,-16.000626
252980,-8.44713
253116,-9.470182
253164,-9.470182
253204,-8.437624
253388,-17.282193
253392,-17.282193
253404,-17.282193
253444,-9.864714
253544,7.471161
253568,7.471161
253668,-4.594328
253680,-19.045637
253716,-19.045637
253844,-19.045637
253944,-19.045637
254000,-19.045637
254160,28.527191
254256,28.527191
254508,33.94051
254516,-27.814222
254556,-0.865066
254584,-0.865066
255004,-0.865066
255112,0.556334
255464,0.556334
255480,37.486687
255532,-44.970078
255692,-92.490696
255872,-92.490696
256176,-92.490696
256224,-38.177595
256292,26.841177
256520,-5.38471
256940,-5.38471
256944,-39.933828
257132,-10.77483
257168,-10.77483
257392,-10.77483
257444,54.668076
257608,6.082249
258000,6.082249
258024,41.08048
258124,4.873562
258340,4.873562
258516,-77.939063
259188,-20.968003
259424,0.386618
259488,64.582909
259532,-24.289324
259632,21.247687
259776,21.247687
259816,21.247687
259900,21.247687
260016,21.247687
260144,-6.369941
260160,-6.369941
260208,-7.631714
260444,-7.631714
260448,-3.075427
260716,22.546569
260808,-0.224489
260996,-0.224489
261016,-0.224489
261112,-13.67765
261132,-75.663186
261168,-75.663186
261212,-75.663186
261340,-75.663186
261392,-75.663186
261460,3.140021
261560,-3.43011
261752,27.033444
261860,27.033444
261984,27.033444
262024,27.033444
262168,27.033444
262520,23.402709
262544,23.402709
262804,23.402709
262824,23.402709
263532,-17.275848
263588,-17.275848
263632,-8.09914
263948,-8.09914
264088,9.653104
264328,9.653104
264372,9.653104
264412,5.699158
264440,-58.939711
264696,-58.939711
264768,-9.574989
265168,-9.574989
265408,-10.974814
265456,-10.974814
265560,-130.298427
265640,-5.148377
265808,-5.60976
265816,49.154089
265888,-17.537217
265892,-1.70458
266284,24.594377
266520,38.930309
266556,-18.758203
266804,-18.758203
266824,-18.758203
266856,-18.758203
266920,-31.742806
267008,-9.865353
267060,-9.865353
267132,-9.865353
267308,-3.416264
267692,-4.594007
268328,-4.594007
268440,-0.098534
268572,-0.098534
268588,-0.098534
268608,-13.922728
268724,-13.922728
268736,-13.922728
269112,-13.922728
269184,-13.922728
269456,-13.922728
269512,-13.922728
269524,-13.922728
269868,-13.922728
270236,-13.922728
270520,-22.009947
270788,-14.157152
270856,-14.157152
271020,-14.157152
271220,62.007972
271280,62.007972
271308,39.981513
271420,4.299813
271512,-4.945952
271624,-4.974871
271692,-0.46602
271720,78.372218
271748,-2.380196
271848,1.97248
272240,43.318045
272268,-61.999464
272476,53.742638
272608,37.273037
272836,-4.327591
273060,-7.27042
273160,3.49114
273236,1.733233
273420,15.014352
273436,-9.549416
273524,-9.549416
273720,1.885063
273868,1.885063
273928,-36.727796
274060,-75.981732
274140,-75.981732
274204,-75.981732
274324,-17.643439
274396,-17.643439
274460,22.664347
274668,22.664347
274856,22.664347
274956,22.664347
275124,22.664347
275208,44.807919
275232,18.584487
275236,18.584487
275280,18.584487
275628,18.584487
275884,-71.478392
276060,-71.478392
276148,14.114112
276268,15.851528
276360,15.851528
276396,-5.751586
276744,-16.823632
276760,-16.823632
276936,-17.596067
276972,-17.596067
277008,-18.689133
277116,-18.689133
277208,-18.689133
277360,37.136306
277436,57.1905
277596,4.514224
278632,90.38443
278812,-22.206956
278856,-22.206956
278876,-22.206956
279232,-2.165147
279284,78.177711
279372,78.177711
279580,-12.334548
279628,-12.334548
279692,23.509327
279880,23.509327
280556,43.903371
280776,43.903371
280808,43.903371
280972,43.903371
281200,12.316189
281272,12.316189
281376,12.316189
281596,-27.470154
281800,-27.470154
281840,3.664083
282052,-4.302382
282416,32.598039
282800,10.679829
282812,24.45376
282856,24.45376
282912,-8.07505
283692,9.974762
284036,9.974762
284188,9.974762
284396,12.707981
284468,7.630735
284768,47.189404
284776,47.189404
284780,47.189404
284840,47.189404
284932,47.189404
285200,39.399303
285216,29.324484
285248,29.324484
285360,11.44544
285376,11.44544
285400,5.766788
285480,-11.848045
285536,-11.848045
285616,13.619788
285640,13.619788
285704,13.619788
285800,13.619788
285908,13.619788
286252,-7.986221
286344,-7.986221
286360,-7.986221
286800,124.31552
286908,124.31552
286948,124.31552
286952,29.215893
287320,-4.443764
287400,-4.443764
287524,-13.999771
287568,-13.999771
288148,-26.246371
288384,35.149863
288468,52.222132
288472,52.222132
288592,12.492774
288840,12.492774
289024,-32.6593
289540,-32.6593
289564,47.880053
289720,8.723774
289756,8.723774
289800,8.723774
289812,-11.58507
289908,44.277123
290172,44.277123
290252,36.558341
290304,4.073064
290312,4.073064
290336,48.937653
290452,44.701091
290604,44.701091
290972,44.701091
291068,40.891186
291160,4.385171
291364,4.385171
291400,4.385171
291596,4.385171
291676,4.385171
291752,67.316703
291816,67.316703
291824,67.316703
291948,-30.805377
292124,-30.805377
292204,-30.805377
292236,-30.805377
292244,-30.805377
292356,-30.805377
292472,-30.805377
292588,10.2463
292804,10.2463
292828,10.2463
292948,10.2463
293164,10.2463
293404,10.2463
293656,10.2463
293740,10.2463
293884,10.2463
293964,10.2463
294080,10.2463
294172,10.2463
294252,5.130596
294304,77.294045
294340,77.294045
294488,94.269089
294636,94.269089
294748,94.269089
294760,94.269089
294764,35.902375
294780,-30.194621
294844,-30.194621
294864,8.538503
294964,13.871165
295152,1.977814
295160,51.841827
295220,1.757928
295296,8.016307
295408,8.016307
295480,14.113741
295600,57.590001
295976,39.613532
295980,-1.023829
296076,-1.023829
296384,-1.023829
296428,-1.023829
296872,21.282619
296880,9.880511
297056,44.853371
297248,-6.185195
297916,-6.185195
297956,59.127526
297964,59.127526
298068,59.127526
298100,102.869412
298340,102.869412
298344,102.869412
298748,102.869412
299132,102.869412
299160,94.210627
299212,94.210627
299340,94.210627
299564,94.210627
300276,94.210627
300872,113.832214
300916,207.550771
301032,-9.42327
301068,-6.703466
302060,-8.220711
302068,-8.220711
302100,30.360088
302312,1.475642
302344,1.475642
302532,21.593623

303108,21.593623
303176,-3.492078
303216,11.049174
303604,50.345918
303644,50.345918
303680,61.12326
303716,17.241124
303768,17.241124
304240,17.241124
304304,48.996068
304360,48.996068
304676,22.096308
304832,22.096308
304952,11.528957
305188,14.635833
305356,14.635833
305428,-10.463856
305516,-10.463856
305784,-10.463856
305860,3.071743
306028,23.475378
306056,23.475378
306672,35.991628
306808,26.430426
306996,3.91487
307108,152.454948
307216,30.58404
307460,56.199596
307568,-20.004167
307572,13.559366
307584,42.06024
307644,42.06024
307716,146.976369
307768,146.976369
308092,-4.570372
308716,-4.570372
309264,129.62421
310056,129.62421
310412,129.62421
310448,129.62421
310604,129.62421
311036,129.62421
311216,129.62421
311220,129.62421
311572,126.002404
311584,163.56891
311644,163.56891
311716,113.349052
311776,-41.848359
312112,9.477518
312200,13.478588
312264,13.478588
312348,13.478588
312404,108.848527
312448,52.272647
312496,52.272647
312584,52.272647
312676,52.272647
312952,52.272647
313196,52.272647
313260,52.272647
313264,138.852581
313320,138.852581
313436,138.852581
313696,138.852581
314128,138.852581
314392,138.852581
315036,138.852581
315716,167.297694
315740,167.297694
316012,167.297694
316404,127.772572
316448,191.884947
316560,17.274023
316604,28.786581
316716,61.612688
317264,68.513081
317300,29.47651
317320,29.47651
317420,29.47651
317428,39.045885
317516,39.045885
317696,39.045885
317888,39.045885
317908,63.996603
318020,66.221583
318120,66.221583
318264,27.419811
318384,-9.155765
318392,-9.155765
318516,77.981823
318608,47.096427
318624,47.096427
318684,47.096427
318752,-2.135417
318760,16.153728
318828,7.946028
318896,7.946028
318916,38.613479
319160,37.189934
319176,29.985698
319504,29.985698
319528,78.613407
319864,9.381994
319892,9.381994
320116,-23.546346
320732,30.174292
321300,69.044028
321412,69.044028
321468,69.044028
321664,27.028211
321888,27.028211
321992,33.949284
322180,33.949284
322396,45.376394
322432,45.376394
322608,202.409688
322684,202.409688
322828,-7.80287
322988,-7.80287
323176,149.323052
323776,61.851958
323892,61.851958
323972,61.851958
324160,7.095567
324280,7.095567
324728,128.118734
324732,368.378926
324828,368.378926
324872,17.308127
325252,17.308127
325360,75.775459
325432,13.133409
325500,13.133409
325604,13.133409
325844,13.133409
325888,13.133409
325896,13.133409
326092,31.989885
326684,31.989885
326828,221.254213
326896,221.254213
326968,221.254213
327264,221.254213
327272,27.038831
327312,27.038831
327636,27.038831
327844,27.038831
328220,27.038831
328496,16.732375
328608,16.732375
328616,-5.585712
328728,176.759476
328848,176.759476
328876,176.759476
329076,176.759476
329212,176.759476
329360,176.759476
329432,269.635482
329876,269.635482
329880,269.635482
329888,269.635482
330092,203.96142
330384,64.4396
330428,85.561425
330736,24.555193
331280,24.555193
331372,41.423862
331608,100.95657
331840,100.95657
331944,100.95657
332028,68.305137
332384,38.239577
332536,16.971402
333028,24.97331
333212,24.97331
333432,281.643164
333652,53.4473
333880,53.4473
333888,53.4473
334204,53.4473
334364,-0.067949
334384,186.460864
334428,100.358221
334464,34.697911
334828,14.258593
334832,14.258593
334948,-15.550451
335556,-15.550451
335680,120.795069
335868,60.875946
335944,60.875946
336012,60.875946
336120,60.875946
336172,30.381036
336376,51.308459
336384,221.362858
336484,221.362858
336668,221.362858
336864,45.620445
337212,45.620445
337444,45.620445
337804,139.213937
337880,139.213937
338004,139.213937
338024,27.732187
338060,27.732187
338096,27.732187
338208,47.417318
338256,47.417318
338948,196.798431
339844,196.798431
340120,196.798431
340136,196.798431
340176,196.798431
340384,250.011112
340668,250.011112
340908,250.011112
341416,250.011112
341580,250.011112
341804,191.149333
341828,191.149333
341864,7.224922
341936,7.224922
341976,4.159947
342208,214.982669
342828,214.982669
342948,229.734866
343048,229.734866
343344,55.624079
343592,170.536779
343600,52.571918
343640,52.571918
343924,26.915949
344128,9.001967
344136,9.001967
344300,181.213273
344388,181.213273
344480,181.213273
344668,181.213273
345088,181.213273
345148,38.804101
345164,38.804101
345260,75.393649
345356,75.393649
345412,75.393649
345556,15.11548
345716,15.11548
345956,15.11548
346092,46.205214
346208,287.066808
346320,287.066808
346640,287.066808
346740,287.066808
347056,287.066808
347216,287.066808
347304,287.066808
347348,65.354078
347468,65.354078
347624,65.354078
348128,322.503809
348204,322.503809
348416,322.503809
348492,322.503809
348580,42.505503
348840,42.505503
348996,42.505503
349084,42.505503
349088,42.505503
349148,249.211054
349176,249.211054
349356,249.211054
349476,249.211054
349480,115.458812
349520,89.421227
349640,-3.402029
349648,25.777835
349888,25.777835
349992,34.073235
350100,34.073235
350208,293.172181
350292,58.734341
350300,5.314867
350412,5.314867
350620,21.772566
350844,60.920188
350916,136.247114
350976,17.975315
351064,17.975315
351388,17.975315
351396,32.864684
351468,31.89575
351756,12.469353
351932,48.903269
352088,41.237628
352188,41.237628
352332,41.237628
352656,32.902766
352784,30.188257
353084,30.188257
353668,90.01016
353736,90.01016
353888,90.01016
354268,90.01016
354300,226.134027
354412,226.134027
354472,223.370619
354548,223.370619
354876,223.370619
354984,62.033686
355040,62.033686
355232,62.033686
355308,79.431362
355388,79.431362
355396,275.787104
355532,20.186011
355612,20.186011
355636,-4.599356
355820,-4.599356
356112,-4.599356
356180,-4.599356
356228,73.376428
356484,73.376428
356512,73.376428
356580,73.376428
356880,73.514239
357668,206.496341
357672,123.125514
357728,7.598241
357816,-1.637632
357936,-1.637632
358056,47.099954
358268,47.099954
358324,37.785462
358876,37.785462
358980,37.785462
358984,296.075925
359020,76.06055
359080,76.06055
359184,76.06055
359216,6.86821
360072,6.86821
360484,6.86821
360540,104.276098
360880,215.903871
360980,-3.123377
361220,-3.123377
361320,62.074685
361332,62.074685
361816,253.287917
362104,253.287917
362248,253.287917
362268,140.095446
362920,140.095446
362984,284.781266
363004,91.267251
363076,155.704028
363080,155.704028
363088,3.844823
363184,3.844823
363208,3.844823
363440,49.050612
363612,49.050612
363644,49.050612
363884,49.050612
363992,49.050612
364324,51.487035
364484,51.487035
364540,246.564227
365272,147.337496
365372,147.337496
366004,147.337496
366332,162.959516
366452,17.776083
366584,17.776083
366920,17.776083
367076,323.57786
367120,323.57786
367280,323.57786
367992,323.57786
368072,97.169917
368324,321.06944
368404,321.06944
368540,346.903534
368680,35.370276
369632,35.370276
370004,35.370276
370184,45.407253
370452,247.040645
370596,247.040645
370664,32.122862
370824,172.71212
370896,172.71212
370908,172.71212
370920,172.71212
371036,172.71212
371280,172.71212
372072,336.180789
372324,126.365554
372948,44.040384
372956,44.040384
373172,44.040384
373192,26.372347
373788,280.837074
373800,85.436799
373948,41.505488
374404,41.505488
374492,41.505488
374500,64.787164
374664,311.034494
374920,311.034494
375036,311.034494
375044,311.034494
375192,122.303311
375280,122.303311
375416,122.303311
375540,122.303311
375648,122.303311
376072,210.568057
376192,210.568057
376400,210.568057
376896,97.128647
377040,97.128647
377948,287.168154
378128,131.351689
378664,275.957516
378816,144.226715
379192,381.825598
379380,57.217919
379392,157.694721
379540,157.694721
379648,157.694721
379980,85.637789
380108,129.186872
380192,129.186872
380408,129.186872
381040,129.186872
381168,129.186872
381480,225.868412
381820,101.01447
382464,56.709899
382664,393.081455
383380,391.258199
383384,140.08727
383432,148.083337
383540,148.083337
383696,28.916795
384068,93.323728
384192,93.323728
384408,93.323728
384444,93.323728
384508,79.182498
384708,79.182498
385060,79.182498
385168,79.182498
386172,79.182498
386664,375.338041
386984,38.700066
387092,268.000939
387432,389.414781
387448,389.414781
387540,389.414781
387872,389.414781
388080,389.414781
388116,86.0382
388184,86.0382
388280,86.0382
388508,403.772356
388636,31.691681
388708,31.691681
388880,31.691681
388984,16.820473
389168,16.820473
389416,82.220045
389924,61.826657
390044,61.826657
390132,233.992655
390212,233.992655
390316,233.992655
390364,56.231373
390400,22.514019
390448,22.514019
390452,22.514019
390888,22.514019
390984,409.397552
391208,409.397552
391888,409.397552
392060,409.397552
392080,409.397552
392276,98.431504
392280,98.431504
392440,98.431504
392984,376.445121
393404,67.876495
393672,67.876495
394344,67.876495
394364,396.568938
394400,326.81082
394448,326.81082
394616,326.81082
394668,326.81082
394868,125.139207
394936,125.139207
395356,55.413277
395644,22.150047
395704,22.150047
395792,22.150047
396080,22.150047
396276,347.55982
396280,347.55982
396356,198.378543
396408,-3.556468
396428,136.630896
396648,136.630896
396768,136.630896
396844,136.630896
397328,117.81353
397492,117.81353
397908,184.520465
398400,379.539529
398936,379.539529
399512,379.539529
399548,149.555505
400428,346.238347
400624,346.238347
400736,346.238347
400768,346.238347
400844,346.238347
400944,22.473882
401136,22.473882
401168,22.473882
401328,478.044302
401412,478.044302
401476,2.103706
401908,391.936927
402516,187.856156
402556,101.502393
402572,101.502393
403044,101.502393
403548,380.120897
403724,34.383244
404292,269.912945
404656,348.649853
404872,21.727801
405160,46.029065
405168,46.029065
405288,46.029065
405316,168.823887
405320,168.823887
405412,168.823887
405512,168.823887
405644,168.823887
405720,344.394772
405852,183.418396
405996,183.418396
406204,183.418396
406284,183.418396
406332,50.871447
406416,50.871447
406548,50.871447
406744,50.871447
406868,50.871447
407440,368.085501
408176,205.811044
408192,75.000009
408796,279.408644
408856,279.408644
409048,279.408644
409316,567.70212
409424,96.623678
409644,96.623678
409996,96.623678
410212,96.623678
410416,96.623678
411176,96.623678
411248,96.623678
411672,96.623678
411940,253.986558
412176,410.922246
412364,15.033214
412476,23.690702
412668,155.146438
412700,50.113621
412796,573.361645
412920,573.361645
413172,573.361645
413424,384.102806
413500,384.102806
414028,153.592085
414212,153.592085
415000,153.592085
415088,214.642379
415176,214.642379
415844,214.642379
415860,282.318401
416588,238.343019
416700,410.3359
416920,410.3359
417312,83.323317
417500,83.323317
417520,83.323317
418504,95.804687
418528,436.895932
418880,46.677667
419088,384.117613
419176,384.117613
419380,57.684467
419844,57.684467
419960,81.826213
420220,41.327203
420544,41.327203
420560,29.677073
420588,418.838284
420952,245.022017
421116,245.022017
421220,62.971854
421500,62.971854
421520,62.971854
421608,62.971854
421712,62.971854
422276,62.971854
422536,295.486158
422768,33.420322
423076,66.369157
423176,66.369157
423280,66.369157
423792,66.369157
423820,81.720623
424560,480.983697
424952,448.322177
425108,236.713685
425220,470.684301
425500,470.684301
425520,470.684301
425608,63.098533
426008,63.098533
426220,124.349793
426276,9.812113
426392,9.812113
426440,248.025522
426800,248.025522
426848,65.437085
426872,253.106804
427044,253.106804
427060,253.106804
427152,55.362597
427176,55.362597
427340,10.08637
427424,10.08637
427620,10.08637
427792,10.08637
427908,63.312386
427928,63.312386
428236,63.312386
428392,62.384434
428504,62.384434
429052,62.384434
429104,62.384434
429452,62.384434
429608,354.41681
429696,354.41681
430276,343.102213
430480,72.184162
430660,72.184162
430848,458.403191
431024,458.403191
431548,272.271393
431648,88.752054
432056,46.69433
432244,24.180184
432392,421.34689
433052,421.34689
433596,211.191741
433696,211.191741
434480,480.047136
434660,480.047136
435024,480.047136
435236,480.047136
435752,200.121667
436244,440.310522
436392,342.803219
437052,342.803219
437364,342.803219
437596,459.791762
437616,459.791762
438304,63.68979
438660,63.68979
438768,63.68979
439024,63.68979
439088,63.68979
439276,63.68979
439284,63.68979
439340,383.352593
439672,383.352593
439752,491.072475
439880,210.120508
440128,8.613827
440244,548.100149
440744,159.183738
441372,159.183738
441616,159.183738
442340,199.005698
442668,199.005698
442856,199.005698
443088,199.005698
443196,199.005698
443284,199.005698
443588,199.005698
443752,521.399566
443884,521.399566
444128,448.864435
444216,448.864435
444744,435.990996
445924,435.990996
445968,181.041143
446340,444.423421
446464,444.423421
447088,444.423421
447188,444.423421
447284,444.423421
447588,444.423421
447748,444.423421
447752,529.047149
447852,348.377709
448104,348.377709
448128,489.005275
448308,25.711534
448380,122.93955
448392,18.473969
448576,37.925594
448832,119.648894
449948,119.648894
450340,506.311019
450632,51.84535
451748,51.84535
451752,51.84535
451908,51.84535
452104,51.84535
452332,51.84535
452392,345.941025
452400,345.941025
452576,465.22898
452832,533.252089
453948,533.252089
454520,533.252089
454632,543.124455
455720,75.431475
455908,75.431475
456332,75.431475
456376,75.431475
456392,445.779115
456400,445.779115
456508,445.779115
456576,440.174263
456620,53.277062
456772,53.277062
456832,420.069252
456916,420.069252
457808,420.069252
458040,420.069252
458388,420.069252
458632,420.069252
458724,420.069252
459164,420.069252
459288,420.069252
459720,443.779382
459944,443.779382
460576,525.057961
460620,556.095956
460772,556.095956
460832,390.684384
461156,112.111246
461272,231.01365
461312,231.01365
461920,112.731239
462068,112.731239
462196,50.630321
462764,194.683575
463092,194.683575
463164,194.683575
463592,210.55538
463756,117.801754
463944,117.801754
464456,152.522327
464576,468.235087
464580,468.235087
464832,481.416779
464912,481.416779
465312,481.416779
465500,481.416779
465936,481.416779
466472,436.227353
466976,436.227353
467052,343.634835
467092,343.634835
467480,343.634835
467944,343.634835
468452,343.634835
468456,478.099928
468560,280.715871
468656,203.358965
468832,411.79099
468856,411.79099
469284,411.79099
469364,91.652036
469500,91.652036
469700,184.545054
469704,87.942943
469904,87.942943
470448,87.942943
470884,87.942943
471164,87.942943
471700,87.942943
472560,537.797664
473284,537.797664
473364,629.437054
473384,629.437054
473520,629.437054
473700,499.68973
473704,563.948776
474884,563.948776
475164,563.948776
475788,563.948776
476560,611.197694
476648,388.386969
477220,600.464388
477384,600.464388
477400,136.321895
477520,136.321895
477700,531.697358
477808,97.434854
477944,97.434854
478884,97.434854
479232,97.434854
479788,97.434854
480312,97.434854
480520,352.87136
480560,668.672684
480884,522.669811
481308,133.378592
481400,560.508182
481520,560.508182
481652,560.508182
482884,560.508182
482976,560.508182
483028,560.508182
483232,560.508182
483724,560.508182
483924,560.508182
484560,469.406977
484884,489.456745
485308,532.594695
485368,532.594695
485400,571.15107
485652,571.15107
485948,571.15107
485956,102.134662
486312,102.134662
486564,102.134662
486804,130.903543
486924,130.903543
486976,130.903543
486988,130.903543
487456,130.903543
488560,585.778883
488884,652.022301
489004,495.920525
489368,495.920525
490116,495.920525
490408,495.920525
490420,151.982264
490804,537.063497
490924,537.063497
491240,537.063497
491384,537.063497
491440,537.063497
491456,537.063497
491796,441.452997
492088,441.452997
492884,461.736388
493604,318.810676
493764,25.087997
494116,25.087997
494248,25.087997
494420,586.214675
494804,541.112267
495440,541.112267
495456,541.112267
495628,191.562689
495672,191.562689
495912,191.562689
495996,262.268298
496044,262.268298
496088,262.268298
496884,570.050091
497516,570.050091
497852,570.050091
497908,336.734754
498396,312.542082
498448,548.906991
498892,185.461302
498968,84.932622
499440,84.932622
499912,84.932622
500088,84.932622
500228,84.932622
500884,649.78354
500928,649.78354
501852,649.78354
501944,649.78354
502120,167.054741
502448,688.766768
502652,688.766768
502656,91.552893
502892,618.957837
502968,499.582224
503848,499.582224
504088,499.582224
504228,499.582224
504564,499.582224
504656,499.582224
504676,211.557772
504928,211.557772
505028,58.261504
505128,58.261504
505132,8.889907
505612,8.889907
506448,517.982995
506656,665.863903
506884,49.785208
506892,558.367926
508564,558.367926
508928,558.367926
509128,558.367926
509132,510.005672
509376,510.005672
509612,510.005672
509720,510.005672
510448,552.538415
510884,572.396218
510892,534.844283
511352,534.844283
512360,534.844283
512928,534.844283
513132,489.017385
513612,489.017385
514280,239.21976
514332,698.532014
514448,467.129182
514644,467.129182
514884,545.237634
515352,545.237634
515568,545.237634
515580,167.681696
515676,167.681696
517168,493.752195
517612,493.752195
518280,597.185112
518644,597.185112
518856,330.734725
518884,590.012462
519068,32.03081
519300,59.237331
519568,59.237331
519580,715.584762
519676,715.584762
519776,715.584762
520608,158.986756
521016,158.986756
521612,158.986756
521708,158.986756
521804,479.653884
522280,608.326824
522352,74.564062
522728,74.564062
523300,553.078707
523476,270.813839
523604,270.813839
523776,270.813839
524116,270.813839
524608,540.822239
525708,540.822239
526352,529.406428
526728,529.406428
527300,630.407029
527468,630.407029
527476,626.329709
527604,626.329709
527912,626.329709
528080,156.236339
528436,156.236339
528608,505.714369
529088,97.323222
529284,97.323222
529372,97.323222
529376,97.323222
529412,204.11819
529580,429.45933
529708,429.45933
529824,590.113264
529916,590.113264
531324,340.051521
531488,340.051521
531604,340.051521
531936,567.625581
532732,581.57577
533052,369.267898
533376,369.267898
533564,83.447871
533824,588.700918
533916,588.700918
534208,36.825315
534552,36.825315
534608,36.825315
535436,442.40391
535488,442.40391
535872,462.622801
536224,285.87629
536460,212.816549
536712,212.816549
536760,105.446514
536904,72.009009
537224,74.826603
537376,74.826603
537564,677.798354
537688,677.798354
538212,118.438479
538316,330.175896
538608,330.175896
539136,164.039034
539168,164.039034
539416,503.348595
539488,503.348595
539756,503.348595
539912,503.348595
540004,503.348595
541224,583.540159
541688,583.540159
542316,711.171471
543136,628.321853
543168,628.321853
543320,628.321853
543416,589.214599
543912,589.214599
544004,589.214599
544912,589.214599
544960,589.214599
545224,593.816208
546316,619.118897
546352,619.118897
546664,174.184114
547136,596.016763
547168,596.016763
547320,596.016763
547416,519.13805
547904,519.13805
548120,321.534144
548144,97.789831
548636,91.404029
548960,91.404029
549160,91.404029
549264,247.889467
549952,94.906582
550352,94.906582
550664,557.898383
551904,557.898383
552144,588.777959
552636,736.632015
552960,736.632015
553128,736.632015
553160,736.632015
553680,338.450525
553952,706.218753
554204,563.408974
554304,563.408974
554352,563.408974
554912,563.408974
555580,563.408974
555816,462.696541
556092,462.696541
556564,462.696541
556636,548.021383
556700,548.021383
557952,613.871295
558132,357.244731
558204,625.989474
558352,625.989474
559516,625.989474
559580,625.989474
560072,395.585027
560092,395.585027
560636,658.808748
561932,208.600453
561952,515.497041
562204,602.946855
562352,602.946855
562832,146.461728
562908,146.461728
563516,146.461728
563580,146.461728
563760,238.356008
563812,238.356008
564072,673.180098
564284,368.015066
564952,250.376902
565824,276.787953
566220,690.025969
566908,690.025969
567116,690.025969
567516,690.025969
567812,690.025969
568036,289.624876
568284,549.809335
568952,700.798801
569068,700.798801
569224,89.014568
570056,89.014568
570220,680.786709
570892,349.361971
570908,349.361971
571516,349.361971
571788,349.361971
572036,646.534669
572436,646.534669
572684,301.712211
572920,301.712211
573012,301.712211
573068,301.712211
573224,634.062901
573852,182.795015
574168,66.920015
574212,66.920015
574220,739.494404
575688,739.494404
575732,256.9619
576036,529.47125
576340,374.885068
576644,374.885068
576864,600.454346
576920,600.454346
577012,600.454346
577024,26.983082
577544,26.983082
578704,26.983082
578812,284.420187
579688,284.420187
579732,652.350033
580036,625.838342
580340,643.372873
580644,643.372873
580920,643.372873
581012,643.372873
582704,643.372873
582812,603.57696
583688,603.57696
583732,642.048473
584036,645.472917
584340,767.925387
584920,767.925387
585012,767.925387
585324,448.994056
585548,448.994056
585880,405.995366
586264,405.995366
586448,125.887062
586704,125.887062
587688,125.887062
588036,692.104326
588340,657.676311
588416,214.730151
588816,788.859388
589548,788.859388
589996,297.868244
590192,284.19119
590264,284.19119
590704,284.19119
590984,284.19119
591688,284.19119
591792,291.086374
592036,611.684392
592084,340.15247
592416,643.052308
593344,271.051321
593548,271.051321
594264,271.051321
594432,476.825813
594804,225.668691
594984,225.668691
595688,225.668691
596036,709.652627
596416,619.469799
596652,306.975456
596760,163.969748
596776,163.969748
596912,163.969748
598264,163.969748
598804,705.060114
598984,705.060114
599360,139.68907
599696,68.110489
600416,791.538106
600480,11.52023
600652,679.74438
600688,704.035851
600776,704.035851
600912,704.035851
601328,704.035851
601484,704.035851
601948,704.035851
602136,309.068885
602264,309.068885
603696,778.821154
604480,706.808789
604652,641.960576
604776,641.960576
605484,641.960576
605948,641.960576
606136,760.137892

606212,760.137892
606828,760.137892
606984,139.488569
607156,162.137457
608252,162.137457
609848,162.137457
610212,720.930148
610356,720.930148
610984,657.534876
611156,864.584398
611296,250.736433
611548,94.554465
612252,94.554465
612404,141.571645
612472,315.27578
612984,315.27578
613848,315.27578
614212,516.988234
614356,516.988234
615296,616.807531
615660,531.969612
616472,586.026931
616828,70.03786
616984,70.03786
617848,70.03786
618212,810.690006
618356,810.690006
619272,195.997882
619296,748.003899
619660,735.990139
619676,91.354166
620760,243.30535
620828,644.722829
620984,644.722829
621828,435.164154
621848,435.164154
622212,435.164154
622356,435.164154
623592,402.334662
623660,777.765059
624388,229.015798
624416,198.143328
624528,198.143328
624760,757.209021
624828,726.222947
625224,163.224265
625500,245.399196
625648,245.399196
625848,245.399196
626004,221.982711
626212,221.982711
626356,221.982711
628760,869.426773
629136,869.426773
629224,628.033088
629500,657.480488
629648,657.480488
629848,657.480488
630004,650.368793
630036,650.368793
630212,650.368793
631596,650.368793
631696,380.958892
631964,380.958892
633136,380.958892
633224,711.508721
633500,777.598062
633604,777.598062
633648,777.598062
634004,914.576001
634148,31.013979
634360,71.216964
635696,656.858362
635964,656.858362
636104,71.691805
636268,71.691805
637224,811.57345
637500,759.99493
637604,759.99493
637648,759.99493
637844,759.99493
637996,759.99493
638360,728.670793
638784,284.198459
639636,747.72647
639852,249.740242
639964,249.740242
640644,195.783249
640652,703.795549
641324,172.861598
641604,172.861598
641844,172.861598
641996,172.861598
642040,172.861598
642204,225.567614
642360,794.089264
642436,539.513736
643964,539.513736
644128,539.513736
644332,539.513736
644652,811.357378
644964,559.352554
645828,559.352554
645844,559.352554
645996,559.352554
646204,634.405855
646436,765.683401
646828,443.144932
647672,245.446196
648332,245.446196
648720,245.446196
648964,857.807003
649844,857.807003
649996,857.807003
650204,782.776498
650828,837.837278
651128,837.837278
651352,106.050292
651672,694.292032
651936,76.714423
652436,122.193376
652720,122.193376
652936,122.193376
652964,677.949687
653020,273.835991
653240,41.39502
653628,41.39502
653996,41.39502
654204,755.604833
654288,755.604833
654444,48.62318
654880,429.722935
655128,429.722935
655848,326.052855
656508,845.814459
656756,230.167789
656936,230.167789
657240,660.665987
657996,660.665987
658288,660.665987
658392,660.665987
658400,660.665987
658776,373.587169
658880,1006.913699
659128,1006.913699
659200,468.258508
660936,468.258508
661240,834.25943
662392,834.25943
662400,834.25943
662776,849.008888
662880,694.42318
662888,694.42318
663128,694.42318
663200,854.840468
664936,854.840468
665176,854.840468
665240,751.23178
666200,751.23178
666400,751.23178
666776,749.168788
666880,801.579663
667128,801.579663
667200,626.545885
667644,84.221851
667940,242.37743
668936,242.37743
669036,828.500025
669968,202.48886
670200,202.48886
670400,202.48886
670640,202.48886
670880,839.688243
671640,839.688243
671644,703.224706
671940,540.988032
673968,642.989342
674200,642.989342
674400,642.989342
674584,642.989342
674640,642.989342
674880,726.616086
675640,726.616086
675644,790.018094
675752,790.018094
675924,373.992102
675940,879.346068
676476,124.202935
677040,124.202935
677104,124.202935
677208,124.202935
677784,124.202935
678880,655.810432
679196,657.018025
679640,657.018025
679752,657.018025
679924,898.16324
680332,290.131998
680476,594.627287
681140,265.431549
681208,265.431549
681784,265.431549
681980,315.772907
682592,280.460302
682880,754.147799
683640,754.147799
683688,754.147799
683752,754.147799
684332,913.377037
685192,231.101228
685520,231.101228
685784,231.101228
685980,861.895817
686188,249.03922
686592,760.247169
686880,1029.673647
687068,54.610122
687208,249.418154
687640,249.418154
687752,249.418154
687780,249.418154
689520,249.418154
689784,249.418154
689964,249.418154
690188,674.814601
690592,733.623728
690916,733.623728
691068,742.817678
691208,642.70789
691384,76.389271
691696,76.389271
691752,76.389271
693448,592.379638
693464,592.379638
693548,592.379638
693784,592.379638
693912,592.379638
694020,592.379638
694592,808.321113
694916,808.321113
695208,724.463426
695384,854.341426
695664,854.341426
695912,305.312879
696216,490.68944
696340,37.773009
696548,37.773009
697464,37.773009
697548,37.773009
698788,37.773009
699208,724.435896
699384,586.93621
699664,586.93621
699912,850.551695
700340,787.732922
700548,787.732922
701176,787.732922
701476,787.732922
702172,787.732922
702512,787.732922
702612,787.732922
702700,787.732922
703208,752.079192
703224,752.079192
703384,796.042101
703628,111.33509
703728,99.762375
703800,47.521066
703912,855.811461
704340,900.922427
705176,900.922427
706440,368.72996
706512,368.72996
706612,368.72996
706644,519.336701
707224,519.336701
707728,695.185359
707800,714.586653
708632,714.586653
709176,714.586653
710204,827.810332
710612,827.810332
710644,914.741747
711024,914.741747
711224,914.741747
711728,973.719776
711800,949.66801
711968,949.66801
712020,949.66801
714204,679.422902
714236,611.675102
714612,611.675102
714644,1027.021375
715172,1027.021375
715452,1027.021375
715800,815.275167
715968,815.275167
716020,815.275167
717884,815.275167
718204,708.837604
718236,927.701816
718424,927.701816
718644,622.548275
719172,622.548275
719592,622.548275
719800,839.796276
719956,279.780931
719968,279.780931
720048,57.004626
721180,565.7121
722204,542.635005
722208,542.635005
722412,41.326091
722424,41.326091
723172,41.326091
723740,676.259872
723956,876.060908
723968,876.060908
724460,876.060908
725180,770.343685
726208,770.343685
726412,857.935045
726424,857.935045
727172,857.935045
727616,857.935045
727740,824.351367
727956,853.023902
728460,853.023902
729180,752.226684
729496,752.226684
730064,632.54096
730208,632.54096
731128,632.54096
731616,632.54096
731740,748.517533
731956,937.734679
732460,937.734679
732748,579.082696
733496,579.082696
733860,206.758811
734064,812.738561
735128,812.738561
735616,812.738561
735740,730.464006
735956,642.510552
736252,122.463045
736460,122.463045
737496,122.463045
737860,866.231863
738064,996.468747
738912,996.468747
739128,996.468747
739184,281.450653
739616,281.450653
739956,914.779329
740252,1019.992497
741496,1019.992497
741860,710.128182
742204,89.535211
742912,89.535211
743128,89.535211
743184,688.470136
743616,688.470136
743956,836.84225
744252,824.431634
745496,824.431634
745528,564.693777
746204,988.229851
746912,988.229851
747128,988.229851
747616,988.229851
747872,444.927287
747956,821.731344
748252,638.36235
748404,26.409373
749248,26.409373
749496,26.409373
749528,687.252269
750344,381.17347
751128,381.17347
751616,381.17347
751628,816.339031
751956,727.064302
752024,12.566598
753248,12.566598
753496,12.566598
753528,885.375937
754344,612.47057
755128,612.47057
755512,612.47057
755616,612.47057
755628,873.267946
756024,902.742952
757248,902.742952
757496,902.742952
757528,754.477747
758052,754.477747
758344,783.760576
758792,783.760576
759512,783.760576
759616,783.760576
759628,749.369102
760024,674.935448
761248,674.935448
761528,830.714705
761900,107.359631
762344,854.878483
762792,854.878483
763512,854.878483
763616,854.878483
763628,680.533681
764024,903.133334
764364,115.123201
764376,115.123201
765900,857.060987
766236,857.060987
766344,761.686668
766776,761.686668
767136,761.686668
767628,855.051076
768336,1012.462756
768376,1012.462756
769820,1012.462756
769872,670.203059
769900,1069.765155
770236,1069.765155
770776,1069.765155
771392,412.262637
771628,848.37092
772336,959.160618
772376,959.160618
773820,959.160618
773900,850.830925
774236,850.830925
774776,850.830925
775392,1016.449508
775484,394.529451
775628,843.104262
775684,62.458957
776300,1004.683906
776376,1004.683906
777664,466.313681
777820,466.313681
778236,466.313681
778404,614.881328
778696,74.987121
778776,74.987121
779628,926.97441
780300,736.678797
780376,736.678797
781664,1007.394779
781820,1007.394779
782236,1007.394779
782696,1087.698832
782776,1087.698832
783628,814.302871
783656,159.747356
783908,159.747356
784300,744.25743
784376,744.25743
784700,744.25743
785664,752.09054
785820,752.09054
785960,365.028024
786236,365.028024
787340,373.253266
787468,422.549741
787628,861.647833
787656,863.631914
787908,863.631914
788188,863.631914
788504,863.631914
788944,863.631914
789596,863.631914
789892,863.631914
790056,634.196568
790236,634.196568
791468,620.634525
791628,947.951992
791648,947.951992
791656,815.935344
792504,815.935344
793656,542.369407
793892,542.369407
794056,1110.22657
794236,1110.22657
795628,856.981158
795648,856.981158
795656,767.264736
796504,767.264736
796516,185.134189
797636,185.134189
797656,910.93073
797940,337.452932
798056,723.239746
798236,723.239746
799628,836.779616
799648,836.779616
800504,836.779616
801636,836.779616
801656,740.048092
801940,928.205535
802056,869.205896
802236,869.205896
803628,771.496658
803648,771.496658
803924,65.686694
804088,54.755679
804412,54.755679
804504,54.755679
804676,54.755679
805636,54.755679
805656,734.110849
805940,1053.765376
806056,1012.722457
806236,1012.722457
806448,215.031706
806524,467.334228
807520,317.21828
807596,345.671839
808504,345.671839
808676,345.671839
809636,345.671839
810056,728.056019
810236,728.056019
810448,1050.937436
811520,871.162035
811596,780.725271
812504,780.725271
812676,780.725271
813012,703.879993
813056,678.271985
813196,333.777557
813484,333.777557
813636,333.777557
813736,564.053743
814236,564.053743
814860,564.053743
815020,412.148868
815632,672.825017
816676,672.825017
817196,892.733835
817636,892.733835
817736,888.740051
818236,888.740051
818720,370.469411
818808,370.469411
818860,370.469411
819020,929.168554
819632,1167.559156
820536,500.101508
820676,500.101508
821060,500.101508
821180,500.101508
821636,286.804952
821736,940.467314
822400,207.268567
822596,207.268567
823020,926.726357
823632,1124.52864
823896,1124.52864
825060,1124.52864
825180,1124.52864
825736,1045.399292
826400,1078.997288
826596,1078.997288
827020,916.075577
827632,779.259297
827896,779.259297
827956,86.949888
829052,990.068357
829060,990.068357
829180,990.068357
829996,302.541103
830400,977.410719
830596,977.410719
831020,772.160838
831896,772.160838
831956,994.432625
832244,61.281968
832340,61.281968
833060,61.281968
833180,61.281968
833388,346.586367
833820,150.144051
833948,30.734924
833996,1050.570382
834400,836.953903
835020,923.275784
835896,923.275784
836340,923.275784
837060,923.275784
837180,923.275784
837948,845.50938
837996,820.075651
838400,800.732651
838964,139.334817
839020,877.358099
839896,877.358099
839904,355.398607
840340,355.398607
840672,222.202257
840920,222.202257
841060,222.202257
841180,222.202257
841948,897.584232
842284,80.439815
842964,958.049856
843020,807.637063
844340,807.637063
844672,1151.718602
844920,1151.718602
845060,1151.718602
845180,1151.718602
846284,895.719771
846644,895.719771
846964,851.376516
847020,618.771342
848340,618.771342
849060,618.771342
849180,618.771342
850284,821.032059
850376,821.032059
850604,82.330369
850644,82.330369
850824,946.153253
850964,954.600815
851016,129.851897
851020,992.553172
852272,992.553172
852296,368.338875
852340,368.338875
853060,368.338875
854644,368.338875
854824,804.263941
854964,945.558231
855020,852.46892
856272,852.46892
856296,856.936356
856340,856.936356
857060,856.936356
858644,856.936356
858824,781.927744
858964,986.318153
859020,1091.320329
859244,91.546724
859432,50.571913
860272,50.571913
860296,886.877321
860340,886.877321
860732,103.415808
861060,103.415808
861196,103.415808
862644,103.415808
862824,868.74242
863020,734.041119
863056,672.474275
863432,1101.94856
863892,153.825695
864340,153.825695
864552,352.329127
864944,128.514249
865060,128.514249
865196,128.514249
865896,128.514249
866644,128.514249
866824,934.09298
867020,913.788022
867892,769.72612
868180,397.214125
868340,397.214125
868428,145.390823
868944,858.494608
869196,858.494608
869896,858.494608
870644,858.494608
870888,1041.124622
872180,805.692417
872340,805.692417
872428,721.613999
872620,138.016667
872944,910.834122
873080,910.834122
873196,910.834122
873432,299.656324
873896,299.656324
874644,299.656324
874888,748.866184
875048,748.866184
875240,85.044642
875988,190.00547
876620,959.512378
876944,858.357914
877080,858.357914
877196,858.357914
877432,918.208137
877896,918.208137
878408,422.389796
879048,422.389796
879184,715.435608
879684,384.482235
879988,1060.09488
881080,1060.09488
881196,1060.09488
881432,927.271784
881896,927.271784
882440,927.271784
882544,927.271784
882816,425.167026
883048,425.167026
883184,1252.261913
883684,786.394025
883944,1149.06555
884804,223.276085
885196,223.276085
885336,223.276085
886004,650.272662
886440,650.272662
886544,650.272662
886816,1174.988515
887048,1174.988515
887684,1205.93845
888804,1140.90143
889336,1140.90143
890004,779.975706
890272,72.260619
890440,72.260619
890544,72.260619
890764,153.897056
890816,1107.266917
891048,1107.266917
891092,59.946225
891684,827.219991
892744,303.447613
892804,823.697121
893336,823.697121
893660,290.161813
894424,477.591143
894440,477.591143
894544,477.591143
894764,808.672946
895048,808.672946
895092,1143.189947
895460,246.046127
895724,246.046127
897336,246.046127
897660,1142.520946
898164,975.107392
898440,975.107392
898796,363.564347
899048,363.564347
899092,922.249927
899460,1194.728105
899724,1194.728105
901336,1194.728105
901412,628.176253
901676,65.238473
902164,983.868227
902440,983.868227
902796,1070.379427
903048,1070.379427
903092,883.47009
903724,883.47009
904020,568.908909
905336,568.908909
905676,1058.618881
906440,1058.618881
906796,758.42259
906880,263.526287
907048,263.526287
907092,773.988029
907668,172.817854
907724,172.817854
908020,793.29716

