timestep,reward
104,-98.518537
208,-98.518537
360,-98.518537
364,-98.518537
384,-98.518537
396,-108.635042
480,-108.635042
520,-70.255034
532,-54.678413
584,-54.678413
620,-54.678413
652,-54.678413
664,-54.678413
672,-81.557114
680,-48.36021
720,-48.36021
740,-48.36021
844,-48.36021
868,-62.786241
920,-20.54814
1116,-40.197635
1124,-40.197635
1128,-40.197635
1284,-40.197635
1312,-38.433475
1396,-38.433475
1552,-38.433475
1680,-38.433475
1720,-38.433475
1880,-38.433475
1956,-38.433475
2156,-38.433475
2184,-38.433475
2440,-38.433475
2464,-38.433475
2572,-38.433475
2768,-38.433475
2788,-38.433475
2832,-38.433475
2944,-38.433475
3032,-38.433475
3036,-38.433475
3104,-38.433475
3204,-38.433475
3308,-38.433475
3368,-38.433475
3480,-38.433475
3612,-38.433475
4004,-1095.095889
4112,-36.587769
4532,-1101.409535
4584,-19.782019
4620,-7.249226
4672,-1058.28847
4676,-18.593707
4708,-159.039772
4720,-159.039772
4752,-19.750588
4792,-22.306273
4976,-22.306273
4980,-56.181168
5028,-132.287176
5176,-174.95516
5312,-1087.830065
5324,-16.46379
5340,-37.618951
5424,-42.703435
5468,-42.703435
5488,-60.911817
5572,-60.911817
5576,-36.340516
5580,-41.323048
5660,-11.536973
5668,-21.29849
5688,-91.567416
5832,-63.595139
5964,-63.525591
5996,-209.030684
6084,-15.698527
6128,-37.915161
6148,-37.915161
6208,-37.915161
6228,-190.593348
6244,-27.54698
6332,-86.599347
6364,-45.112827
6484,-67.805305
6500,-46.882555
6588,-46.988799
6596,-21.043772
6620,-21.043772
6644,-12.60767
6712,-22.075644
6792,-22.075644
6820,-27.377987
6908,-15.619593
6940,-15.619593
7052,-15.619593
7060,-341.454672
7104,-341.454672
7148,-38.178207
7152,-38.178207
7160,-38.178207
7200,-32.614312
7248,-32.614312
7288,-27.411476
7336,-27.411476
7388,-27.411476
7396,-60.592475
7400,-52.369781
7480,-52.369781
7544,-22.19137
7580,-22.19137
7612,-22.19137
7708,-22.19137
7760,-22.19137
7880,-157.817351
7988,-157.817351
7996,-26.813083
8020,-26.813083
8028,-26.813083
8064,-9.472041
8144,-9.472041
8240,-46.979669
8284,-46.979669
8380,-46.979669
8452,-59.330776
8584,-288.578648
8600,-41.802668
8616,-41.802668
8672,-20.633624
8724,-37.426886
8764,-37.426886
8816,-37.426886
8884,-37.426886
9052,-37.426886
9168,-37.426886
9192,-37.426886
9328,-37.426886
9364,-198.498481
9480,-43.414303
9580,-43.414303
9584,-43.414303
9768,-43.414303
9812,-43.414303
9892,-43.414303
9960,-43.414303
10032,-185.332973
10100,-185.332973
10420,-185.332973
10456,-153.533816
10496,-153.533816
10588,-1018.080195
10668,-44.218953
10784,-33.529506
10956,-55.5323
11048,-55.5323
11080,-35.375375
11148,-1085.873069
11208,-32.614616
11248,-32.614616
11420,-46.821848
11460,-43.308638
11500,-21.135742
11504,-21.135742
11540,-21.135742
11572,2.697988
11620,2.697988
11804,-27.807007
11816,-27.807007
11876,-95.543003
11988,-95.543003
12044,-95.543003
12132,-95.543003
12272,-35.040161
12368,-17.188008
12384,-17.188008
12464,-28.239406
12472,-124.539438
12480,-124.539438
12620,-124.539438
12632,-124.539438
12636,-64.976613
12672,-1008.564688
12748,-1008.564688
12824,-1008.564688
12944,-1008.564688
12972,-91.810643
13128,-91.810643
13184,-91.810643
13244,-91.810643
13304,-91.810643
13576,-170.482443
13616,-12.674819
13748,-12.674819
13804,-12.674819
13960,-12.674819
14056,-12.674819
14088,-12.674819
14160,-12.674819
14188,-230.804663
14220,-358.700061
14292,-27.131284
14412,-27.131284
14420,-9.19511
14584,13.330224
14588,-1069.733048
14696,-43.023182
14824,-17.088889
14892,-81.84048
14932,-25.627795
14956,-221.878662
15096,-221.878662
15228,-96.576705
15408,-147.131591
15424,-33.777758
15496,-33.777758
15620,-33.777758
15672,-33.777758
15928,-33.777758
16020,-33.777758
16084,-33.777758
16212,-33.777758
16348,-33.777758
16480,-33.777758
16552,-33.777758
16636,-979.283932
16676,-979.283932
16944,-979.283932
17000,-87.56147
17012,-87.56147
17128,-87.56147
17308,-87.56147
17344,-87.56147
17408,-87.56147
17492,-87.56147
17572,-87.56147
17664,-87.56147
17768,-568.308773
17968,-568.308773
18080,-568.308773
18404,-568.308773
18408,-568.308773
18412,-568.308773
18416,-136.892029
18516,-136.892029
18548,-136.892029
18624,-14.519627
18628,-14.519627
18644,-14.519627
18720,-9.53753
18892,-966.164249
18940,-86.44813
19028,-33.211716
19068,-64.902118
19076,-9.844117
19084,-9.844117
19236,-9.844117
19328,-9.844117
19344,-9.844117
19360,-77.466721
19424,-1057.809194
19532,-21.323222
19588,-21.323222
19608,-1.027207
19632,-1.027207
19640,-155.866062
19756,-39.330088
19780,-73.105745
19796,-73.105745
19856,-73.105745
19868,-73.105745
19920,-73.105745
19936,-73.105745
19976,-80.311812
19996,-80.311812
20096,-22.556258
20136,-30.383664
20220,-33.115036
20236,-33.115036
20240,-27.483638
20252,-27.483638
20268,-9.275806
20604,-9.275806
20632,-56.582086
20648,-56.582086
20768,-56.582086
20840,-56.582086
20920,-56.582086
20964,-56.582086
21000,-993.986771
21116,-993.986771
21128,-993.986771
21136,-42.529535
21240,-42.529535
21308,-42.529535
21328,-42.529535
21500,-42.529535
21552,-42.529535
21608,-42.529535
21792,-42.529535
21820,-42.529535
21960,-42.529535
22088,-42.529535
22208,-42.529535
22384,-42.529535
22596,-42.529535
22680,-42.529535
23284,-42.529535
23400,-42.529535
23644,-42.529535
23756,-934.503738
23800,-934.503738
24180,-934.503738
24252,-934.503738
24268,-1033.033364
24276,-88.288315
24372,-88.288315
24416,-44.880506
24556,-44.880506
24624,-81.236679
24632,-952.867043
24688,-3.443056
25116,-45.796907
25136,-1031.375775
25208,-21.338903
25264,-11.341532
25528,-100.230237
25564,-108.065466
25772,-40.070204
25820,-40.070204
25976,-40.070204
25980,-158.227325
26028,1.782341
26180,-41.253075
26184,-41.253075
26352,-64.884477
26384,-64.884477
26392,-64.884477
26416,-19.157075
26620,-47.576639
26636,-47.576639
26728,-28.783692
26792,-28.783692
26860,-28.783692
27068,-28.783692
27072,-82.45718
27216,-31.434651
27236,-31.434651
27308,-31.434651
27564,-58.208593
27616,-58.208593
27676,-58.208593
27724,-43.81143
27748,-43.81143
27808,-43.81143
27860,-55.4949
27996,-55.4949
28108,-55.4949
28124,-25.051504
28220,-27.662939
28252,-27.662939
28276,-973.842384
28328,-973.842384
28420,-973.842384
28492,-63.69006
28556,-63.69006
28580,-63.69006
28612,-12.04442
28632,-1065.419482
28688,-1065.419482
28760,-41.491166
28948,-41.491166
29116,-138.29194
29212,-138.29194
29400,-61.14456
29712,-61.14456
29772,-927.987027
29788,-91.43312
29880,-91.43312
29936,-91.43312
30032,-57.741323
30084,-57.741323
30128,-20.786356
30220,-20.786356
30504,-20.786356
30584,-20.786356
31676,-20.786356
31872,-20.786356
32084,-20.786356
32208,-20.786356
32276,-975.597238
32392,-975.597238
32416,-18.338668
32480,-14.906032
32548,-14.906032
32580,-14.906032
32620,-14.906032
32716,-14.906032
32760,-952.74691
32876,-952.74691
32916,-43.572001
32940,-43.572001
33036,-13.940373
33124,-13.940373
33132,-25.720328
33404,-43.65951
33576,-43.65951
33632,-43.65951
33644,-74.094222
33772,-982.502351
33936,-982.502351
34128,-1068.112233
34276,-99.435467
34308,-99.435467
34388,-99.435467
34396,-48.660858
34488,-29.213999
34496,-29.213999
34584,-29.213999
34616,-26.859219
34692,-17.86552
34940,-96.435344
35040,-26.33384
35088,-26.33384
35332,-41.818779
35384,-41.818779
35396,-18.713488
35440,-18.713488
35496,-18.713488
35664,-114.446328
35796,-114.446328
35816,-114.446328
35968,-65.175459
36036,-15.371904
36184,-15.371904
36200,-25.148457
36352,-25.148457
36432,-25.148457
36480,-923.954057
36500,-80.92635
36536,-80.92635
36552,-3.259096
36628,-13.362112
36684,-60.937346
36696,-60.937346
36740,-8.369006
36800,-59.226136
36808,-59.226136
36864,-59.226136
36884,-67.361929
36928,-35.436104
36932,-18.855717
36940,-18.855717
37060,-18.855717
37152,-48.774529
37208,-48.774529
37328,-48.774529
37752,-48.774529
37772,-924.542701
37936,-924.542701
38040,-924.542701
38144,-924.542701
38148,-63.216155
38188,-63.216155
38276,-972.893093
38408,-972.893093
38488,-972.893093
38620,-95.251725
38636,-118.290272
38796,-118.290272
38928,-118.290272
39008,-146.464008
39152,-146.464008
39216,-121.813267
39248,-121.813267
39260,-74.17531
39344,-74.17531
39408,-93.07467
39560,-35.125307
39732,-33.379507
39744,-152.60847
39956,-49.153118
40528,-192.303186
40928,-991.529884
41000,-193.381327
41060,-193.381327
41152,-903.024194
41252,-72.11544
41260,-15.938751
41304,-34.914998
41328,-34.914998
41340,-21.424229
41360,-4.748468
41396,-12.942505
41480,-6.726613
41492,-6.726613
41632,-6.812131
41716,-6.812131
41748,-77.340139
41832,-50.379201
42104,-82.454944
42176,-82.454944
42408,-82.454944
42744,-82.454944
42868,-82.454944
42876,-82.454944
43160,-82.454944
43252,-82.454944
43344,-82.454944
43356,-82.454944
43476,-82.454944
43640,-82.454944
43672,-82.454944
43700,-82.454944
43804,-82.454944
43956,-856.492397
44028,-856.492397
44180,-856.492397
44380,-856.492397
44448,-856.492397
44580,-856.492397
44672,-856.492397
45060,-856.492397
45112,-856.492397
45128,-856.492397
45220,-856.492397
45252,-911.914528
45504,-911.914528
45564,-911.914528
45580,-911.914528
45652,-911.914528
45680,-911.914528
45772,-911.914528
45832,-856.136713
45996,-856.136713
46052,-856.136713
46068,-63.276384
46104,-835.622323
46120,-11.000107
46172,-11.000107
46276,-11.000107
46292,-11.000107
46600,-11.000107
46784,-11.000107
46836,-228.107554
47032,-55.548168
47164,-55.548168
47220,-55.548168
47252,-55.548168
47256,-49.952301
47348,-49.952301
47428,-49.952301
47468,-49.952301
47512,-49.952301
47568,-49.952301
47608,-49.952301
47632,-49.952301
47656,-49.952301
47704,-49.952301
47728,-49.952301
47852,-49.952301
47956,-881.981855
48068,-881.981855
48076,-30.461867
48172,-30.461867
48188,-30.461867
48268,-30.461867
48280,-30.461867
48288,-30.461867
48324,-30.461867
48620,-30.461867
48704,-30.461867
48728,-30.461867
48840,-30.461867
48960,-30.461867
49064,-30.461867
49084,-30.461867
49148,-30.461867
49196,-30.461867
49252,-921.320637
49300,-921.320637
49452,-921.320637
49484,-921.320637
49536,-921.320637
49552,-921.320637
49592,-921.320637
49680,-146.542373
49688,-146.542373
49804,-146.542373
49832,2.504199
49880,2.504199
50080,-71.24696
50120,-933.775728
50152,-933.775728
50204,-933.775728
50248,-27.387117
50276,-27.387117
50344,-27.387117
50440,-27.387117
50444,-27.387117
50524,-38.091743
50560,-38.091743
50592,-38.091743
50696,-38.091743
50776,-38.091743
50840,-38.091743
50940,-38.091743
50972,-38.091743
51060,-38.091743
51128,-38.091743
51184,-38.091743
51256,-854.366536
51360,-154.111135
51376,-154.111135
51704,-154.111135
51708,-154.111135
51788,-154.111135
51812,-85.876936
51828,-85.876936
51884,-85.876936
51936,-18.757388
51944,-18.757388
52040,-101.290467
52076,-852.665183
52116,-39.585397
52216,-42.712109
52288,-2.618807
52308,-50.359351
52316,-50.359351
52380,-50.359351
52392,-50.359351
52496,-50.359351
52568,-50.359351
52576,-108.252096
52648,-61.678701
52736,-61.678701
52988,-140.744455
52996,-140.744455
53104,-140.744455
53172,-32.87423
53180,-155.009311
53416,-70.999035
53488,-15.004723
53608,-135.909046
53716,-135.909046
54080,-852.429998
54388,-54.602828
54444,-0.165882
54592,-0.165882
54604,-24.90255
54708,-24.90255
55004,-89.199797
55036,-89.199797
55156,-31.986655
55276,-34.738059
55384,-17.548396
55788,-17.548396
56016,-146.555111
56288,-914.39511
56296,-48.960206
56428,-48.960206
56492,-19.836211
56604,-39.439782
56736,-39.439782
56984,-39.439782
57064,-39.439782
57112,-39.439782
57260,-39.439782
57280,-275.743718
57380,-275.743718
57404,-36.664041
57460,-36.664041
57488,-875.801167
57512,-875.801167
57572,-875.801167
57608,-867.499407
57716,-867.499407
57788,-43.169877
57848,-5.951348
57860,-5.951348
57900,-5.951348
58008,-45.331834
58140,-13.092568
58296,-13.092568
58376,-97.775686
58440,-6.183692
58560,-6.183692
58588,-27.527131
58684,-27.527131
58748,-27.527131
58760,-120.885975
59000,-120.885975
59036,-100.148386
59256,-75.133011
59280,-75.133011
59300,-75.133011
59304,-15.568007
59356,-15.568007
59468,-54.25642
59516,-54.25642
59528,-54.25642
59620,-54.25642
59780,-54.25642
59924,-54.25642
60000,-54.25642
60076,-54.25642
60108,-54.25642
60248,-54.25642
60264,-54.25642
60492,-54.25642
60528,-54.25642
60604,-837.50293
60632,-837.50293
60692,-837.50293
60900,-57.807315
61404,-868.011791
61448,-4.277003
61716,-4.277003
61768,-4.277003
61832,-4.277003
62060,-173.174963
62228,-36.513078
62416,-36.513078
62728,-36.513078
62760,-850.986259
62804,-2.437383
62864,-19.67294
62868,-121.94962
62992,-39.905135
63004,-39.905135
63084,-39.905135
63100,-53.417187
63140,-53.417187
63208,-45.323419
63468,-812.150184
63600,-85.505598
63640,-85.505598
63720,-19.618703
63840,-19.618703
63940,-72.561101
64144,-72.561101
64200,-66.964511
64272,-66.964511
64340,-66.964511
64528,-66.964511
64608,-120.117659
64636,-120.117659
64688,-120.117659
64692,-120.117659
64844,-120.117659
64900,-819.979924
64912,-819.979924
64940,-819.979924
65020,-819.979924
65220,-92.470723
65272,-128.846238
65412,-66.134985
65444,-66.134985
65556,-66.134985
65752,-66.134985
65784,-172.825886
65808,-172.825886
65860,-172.825886
65868,-13.970964
65880,-13.970964
66052,-13.970964
66088,-28.879496
66100,-28.879496
66172,-28.879496
66216,-28.879496
66220,-109.763763
66260,-9.081108
66272,-80.260304
66344,-30.637387
66396,-30.637387
66436,-30.637387
66444,-30.637387
66456,-20.756301
66640,-19.775088
66648,-19.775088
66676,-19.775088
66720,-66.210955
66784,-27.290382
66928,-24.338738
67000,-24.338738
67032,-24.338738
67092,-24.338738
67100,-835.590704
67464,-128.727243
67468,-801.189087
67608,-182.891115
67808,-182.891115
67948,-32.951949
68024,-89.518553
68100,-20.187404
68268,-49.567039
68304,-49.567039
68464,-70.442297
68484,-115.665312
68652,-115.665312
68736,-48.782177
68832,-46.980858
68884,-26.125145
69056,-26.125145
69080,-39.449447
69108,-39.449447
69148,-12.677241
69264,-10.972711
69324,-10.972711
69368,-10.972711
69444,-67.279807
69468,15.632079
69544,-16.592191
69556,-16.592191
69576,-16.592191
69588,-53.028606
69644,-27.667594
69760,-27.667594
70008,-55.321742
70368,-68.782367
70396,-68.782367
70468,-26.909539
70640,-754.235904
70884,-122.513351
70964,-122.513351
71000,-122.513351
71168,-122.513351
71248,-80.344178
71376,-80.344178
71468,-777.627138
71504,-777.627138
71508,-156.250266
71552,-156.250266
71624,-10.383306
71660,-30.353402
71692,-30.353402
71716,-30.353402
71808,-30.353402
71888,-30.353402
71936,-30.353402
71980,-30.353402
72052,-30.353402
72108,-30.353402
72200,-30.353402
72248,-30.353402
72268,-30.353402
72280,-30.353402
72384,-30.353402
72416,-30.353402
72568,-30.353402
72680,-30.353402
72868,-30.353402
73092,-30.353402
73172,-30.353402
73332,-30.353402
73440,-30.353402
73556,-30.353402
73584,-30.353402
73588,-850.284771
73680,-1.476
73752,-1.476
73772,-1.476
73832,-41.761568
73856,-41.761568
73952,-2.400485
73996,-2.400485
74112,-2.400485
74372,-77.707367
74504,-77.707367
74652,-36.493437
74728,5.4311
74740,5.4311
74840,5.4311
74980,5.4311
75060,5.4311
75248,-846.286897
75624,-745.988177
75660,-759.762352
75720,-759.762352
76256,-110.093849
76364,-27.616801
76416,-27.616801
76592,-27.616801
76664,-82.344282
76680,-82.344282
76824,-25.787
77040,-25.787
77116,-25.787
77164,-90.81201
77320,-54.903613
77356,-54.903613
77396,-54.903613
77468,-54.903613
77672,-54.903613
77708,-88.682918
77772,-88.682918
77832,-7.670333
77856,-7.670333
77928,-7.670333
78076,-7.670333
78136,-62.628182
78164,-62.628182
78344,-62.628182
78452,-62.628182
78484,-47.998297
78656,-47.998297
78704,-47.998297
78716,-47.998297
78728,-763.243967
78800,-24.995437
78828,-24.995437
78868,-13.072026
78904,-13.072026
78980,-13.072026
79096,-13.072026
79248,-739.096298
79316,-739.096298
79380,-739.096298
79404,-28.511906
79412,-110.844658
79560,-22.507332
79592,-47.141996
79624,-819.924342
79656,5.618086
79720,-26.137194
79852,-32.682407
80080,-32.682407
80128,-98.038914
80152,-68.515462
80264,-68.515462
80308,-30.458212
80448,-109.814376
80456,-109.814376
80560,-17.645131
80640,-17.645131
80688,4.498278
80700,-78.081952
80784,-7.803705
80836,-7.803705
80876,-25.415855
80908,-6.164128
81108,-6.164128
81208,-35.474916
81308,-35.474916
81320,-29.248882
81436,-29.248882
81532,-29.248882
82484,-766.446406
82724,-60.376899
82904,-60.376899
82936,-32.536347
82968,-32.536347
83176,-32.536347
83180,-33.675267
83312,-41.052522
83380,-41.052522
83440,-21.306598
83592,-819.97182
83628,-819.97182
83908,-819.97182
84068,-819.97182
84264,-819.97182
84400,-819.97182
84572,-819.97182
84624,-819.97182
84696,-819.97182
84700,-772.469216
84744,-772.469216
84852,-772.469216
84856,-772.469216
84868,-772.469216
84936,-772.469216
84956,-772.469216
85012,-772.469216
85020,-772.469216
85040,-772.469216
85148,-772.469216
85256,-772.469216
85268,-772.469216
85320,-778.796872
85496,-778.796872
85532,-778.796872
85672,-13.994921
85676,-13.994921
85856,-13.994921
86048,-13.994921
86080,-13.994921
86288,-13.994921
86336,-13.994921
86620,-13.994921
86740,-13.994921
86884,-13.994921
87440,-788.753465
87592,-814.385723
88304,-78.94137
88700,-763.545956
89040,-763.545956
89240,-763.545956
89324,-763.545956
89672,-693.002928
89832,-38.439259
90048,-38.439259
90104,-38.439259
90168,-38.439259
90328,-38.439259
90336,-38.439259
90360,-38.439259
90552,-38.439259
90568,-38.439259
90668,-38.439259
90732,-38.439259
90800,-38.439259
90828,-38.439259
90856,-38.439259
90884,-38.439259
90960,-38.439259
91000,-38.439259
91152,-38.439259
91164,-38.439259
91204,-38.439259
91212,-38.439259
91296,-38.439259
91440,-762.540527
91508,-762.540527
91572,-16.115848
91776,-20.305645
91932,-27.090197
92120,-27.090197
92304,-744.761793
92340,-744.761793
92676,-137.174864
92700,-749.491458
92904,-112.614317
93048,-102.70339
93444,-102.70339
93548,-50.210406
93616,-50.210406
93644,-34.644858
93732,-21.271466
93800,-8.632634
93832,-688.216955
93992,-688.216955
94116,-277.852843
94156,-60.9062
94204,-14.494667
94224,-19.602057
94260,-19.602057
94344,-19.602057
94364,-41.579001
94392,-41.579001
94416,-19.868131
94488,-21.881534
94568,-100.837768
94584,-31.325942
94628,-31.325942
94896,-55.203717
94984,-70.30007
95112,-70.30007
95152,-70.30007
95220,-70.30007
95248,-47.440821
95296,-47.440821
95304,-47.440821
95332,-47.440821
95396,-18.432304
95480,-103.752898
95484,-103.752898
95532,11.037283
95536,11.037283
95616,11.037283
95668,11.037283
95724,11.037283
95768,11.037283
95772,11.037283
95812,-69.432861
95872,-69.432861
95936,-216.320817
95956,-31.722773
96004,-3.788179
96020,-88.259387
96120,-88.259387
96144,-34.215882
96184,-20.501709
96228,-20.501709
96312,-20.501709
96376,-20.501709
96412,-52.360141
96484,-52.360141
96616,-52.360141
96632,-4.640113
96764,-4.640113
96832,-4.640113
96856,-170.27192
96904,-712.953608
96936,-9.440428
96960,0.292914
97008,-0.424383
97100,-93.11735
97136,-93.11735
97168,-93.11735
97276,-93.11735
97404,-26.001562
97428,-55.111471
97492,-55.111471
97536,-42.628332
97632,-12.949095
97640,-12.949095
97652,-82.953851
97756,-16.804088
97760,-81.07525
97804,-18.209038
97848,-15.391961
98196,-54.0943
98580,-87.208761
99036,-117.695282
99456,-30.763533
99516,-2.486875
99724,-2.486875
99760,-53.844375
99860,-53.844375
99872,-53.844375
99940,-53.844375
100144,-621.943116
100192,-621.943116
100404,-621.943116
100528,-621.943116
100580,-621.943116
100720,-621.943116
100956,-621.943116
101136,-621.943116
101412,-621.943116
101540,-621.943116
101640,-621.943116
101760,-714.986602
101804,-727.496176
101816,-727.496176
101876,-727.496176
101960,-727.496176
101968,-38.624228
102044,3.860128
102100,1.99539
102148,1.99539
102236,-96.234614
102344,-96.234614
102444,-96.234614
102528,-20.0573
102596,-20.0573
102840,-134.850324
103076,-134.850324
103088,-33.917819
103160,-33.917819
103560,-56.459278
103760,-707.682473
103820,-707.682473
103832,-27.105976
103888,-27.105976
103940,-27.105976
103960,-27.105976
104144,-622.099563
104156,-95.315008
104160,-286.665152
104244,-0.312417
104324,-25.249977
104544,-32.900631
104552,-32.900631
104860,-90.284573
105220,-90.284573
105540,-90.284573
105608,-90.284573
105668,-90.284573
105724,-90.284573
105864,-90.284573
105960,-90.284573
106148,-90.284573
106204,-90.284573
106212,-90.284573
106268,-90.284573
106404,-90.284573
106444,-90.284573
106552,-90.284573
106592,-90.284573
106700,-90.284573
106976,-90.284573
107124,-90.284573
107244,-90.284573
107320,-90.284573
107428,-90.284573
107532,-90.284573
107684,-90.284573
107832,-608.72486
107960,-608.72486
107992,-608.72486
108156,-648.37401
108296,-648.37401
108324,-640.222514
108480,-81.191121
108792,-56.226452
108860,-637.232601
109236,-44.7886
109288,-14.271398
110004,-90.070403
110152,-33.672086
110444,-33.672086
110468,-51.684244
110560,-51.684244
110644,-51.684244
110784,-65.246348
110880,-33.575225
110956,-6.626611
111028,2.516437
111196,2.516437
111244,-17.446611
111260,-17.446611
111380,-17.446611
111472,-41.883237
111488,-41.883237
111532,-41.883237
111752,-11.556559
111832,-632.624649
111900,-632.624649
111928,-27.130381
111980,-55.734061
111992,-55.734061
112004,-597.534123
112012,-2.382343
112132,-2.382343
112172,-2.382343
112212,-39.357717
112216,-47.120465
112276,-47.120465
112296,-47.120465
112312,-11.431767
112368,-9.910407
112444,-9.910407
112468,-0.398384
112528,-0.398384
112540,-0.398384
112628,-0.398384
112680,-0.398384
112684,-0.398384
112760,-0.398384
112792,-568.523003
112880,-61.022845
112992,-61.022845
113128,-61.022845
113208,-61.022845
113564,-61.022845
113600,-61.022845
113628,-61.022845
113892,-61.022845
114888,-61.022845
115212,-61.022845
115712,-61.022845
115844,-61.022845
115980,-617.446584
116296,-617.446584
116368,-602.928077
116404,-602.928077
116484,-141.790791
116580,-67.256055
116772,-33.413142
116792,-657.693278
116836,-657.693278
116880,-596.695401
116896,-10.77278
116960,3.268856
117232,-112.583288
117252,-100.559751
117264,-68.237911
117272,-69.730113
117372,-29.464153
117524,-29.464153
117600,-29.464153
117660,-30.030035
117708,-28.860763
117820,-17.201763
117892,-17.201763
117948,-17.201763
117968,-20.798112
118132,-20.798112
118236,-55.685442
118420,-55.685442
118480,-44.910869
118616,-44.910869
118852,-70.835069
119076,-40.540143
119276,-39.819951
119676,-34.922839
119944,-48.670559
120160,-26.0744
120296,-26.0744
120512,-47.715183
120656,-15.928903
120768,-15.889653
121120,-15.889653
121232,-601.249089
121252,-594.8812
121328,-594.8812
121368,-65.191323
121492,-5.59329
121556,-59.134207
121568,-59.134207
121644,-13.172975
121656,-13.172975
121660,-548.551762
121744,-24.209276
121772,-24.209276
121788,-37.354624
121892,-5.554481
121896,-104.502566
121932,-53.27352
121948,-53.27352
122080,-23.019889
122092,-23.019889
122116,-42.89434
122128,-8.132237
122132,-8.132237
122236,-8.132237
122272,-37.278016
122284,-20.72902
122304,-20.72902
122344,-20.72902
122412,-20.72902
122476,-20.72902
122576,-20.72902
122604,-20.72902
122616,-20.72902
122656,-109.254254
122684,-109.254254
122700,-109.254254
122704,-92.250571
122728,-92.250571
122744,-6.945184
122840,-38.304858
122956,-43.947491
123000,-43.947491
123092,-43.947491
123176,-58.962127
123260,-58.962127
123332,-58.962127
123360,-38.346376
123432,-38.346376
123448,-38.346376
123576,-38.346376
123648,-38.346376
123712,-38.346376
123824,-38.346376
124112,-38.346376
125492,-500.546753
126284,-528.182692
126412,-528.182692
126492,-528.182692
126612,-46.562211
126780,2.063933
126840,-526.752648
126928,3.621574
126996,3.621574
127004,-10.081205
127032,-12.672036
127264,0.88925
127352,-42.558352
127360,-511.200092
127384,-511.200092
127432,-511.200092
127460,-16.982183
127528,-22.240977
127636,-22.240977
127648,-22.240977
127676,-22.240977
127736,-67.979712
127940,-139.184191
128000,-10.44295
128112,-10.44295
128140,-23.174482
128228,-49.089987
128320,-39.414972
128420,-11.640744
128424,-11.640744
128688,-54.611698
128872,-24.873652
128972,-67.778086
129052,-27.384362
129072,-0.173876
129244,-39.700967
129396,-40.120248
129444,-6.281731
129452,14.038666
129492,-553.198182
129508,-5.971017
129536,0.204553
129652,-22.498565
129756,-36.777056
129796,-7.638871
129848,-17.209721
129896,-58.422647
130168,-53.917302
130312,-32.426072
130360,-41.984264
130572,-16.356772
130828,-39.915462
130860,-106.354107
130928,-9.346461
131124,-57.400954
131172,-12.35894
131352,-570.082931
131636,-570.082931
131648,-570.082931
131676,-570.082931
131704,-570.082931
131828,-570.082931
131844,-65.548239
131952,-65.548239
132012,-3.480294
132116,-3.480294
132160,-63.796109
132252,-63.796109
132348,-63.796109
132388,-32.877088
132424,-32.877088
132476,-32.877088
132612,-32.877088
132628,1.710444
132724,1.710444
132796,-36.327499
132828,-36.327499
132900,-36.327499
133060,-36.327499
133136,-36.327499
133480,-27.016774
133524,-27.016774
133536,-3.410937
133548,-3.410937
133624,-3.410937
133848,-500.806627
133856,-33.444997
133892,-33.444997
133928,-15.360987
134128,-15.360987
134156,-32.233572
134164,-29.712337
134228,-29.712337
134328,-12.751777
134448,-12.751777
134548,-31.585405
134552,-31.585405
134648,-15.407813
134688,-15.407813
134820,-48.333997
134868,-48.333997
134876,-8.125105
134928,-463.08869
134944,-49.938061
134960,-49.938061
134996,-6.881812
135008,-6.881812
135172,-538.924288
135264,-538.924288
135336,-66.751199
135348,-66.751199
135416,-30.235123
135484,-86.015992
135488,-86.015992
135644,-86.015992
135704,-86.015992
135808,-86.015992
135828,-86.015992
135884,-86.015992
135936,-40.753055
135964,-40.753055
136016,-40.753055
136080,-40.753055
136216,-171.486702
136292,-18.704678
136296,-18.704678
136348,-18.704678
136560,-18.704678
136896,-91.159085
137660,-103.221325
137716,1.552162
137800,-13.451664
138096,-13.801158
138312,-27.767068
139008,-27.767068
139172,-513.233372
139484,-463.779168
139628,0.695757
139680,-11.67154
139840,-25.456926
139936,-465.385826
140016,-465.385826
140240,-30.918746
140348,-30.918746
140488,-30.918746
140560,-30.918746
140696,-30.918746
140736,-86.777365
140912,-86.777365
141548,-86.777365
141620,-86.777365
141816,-86.777365
142016,-86.777365
142276,-217.357444
142312,-437.141291
142504,-51.735961
142564,-11.034726
142692,26.210589
142940,-63.94428
143008,-63.94428
143108,-63.94428
143172,-468.264927
143260,-15.01938
143460,-15.01938
144016,-15.01938
144240,-568.728419
144460,-21.256062
144540,-21.256062
144696,-21.256062
144840,-21.256062
144904,-21.256062
145040,-21.256062
145100,-21.256062
145324,-97.356828
145348,-97.356828
145388,-22.512187
145432,-22.512187
145528,-22.512187
145544,-22.512187
145684,-22.512187
145764,-22.512187
145832,-32.930554
145844,-32.930554
145924,-32.930554
145992,-32.930554
146016,-32.930554
146032,-32.930554
146204,-50.753512
146256,-2.083942
146456,-2.083942
146500,-32.892011
146580,-32.892011
146636,-32.892011
146692,-491.971715
146756,7.872729
146780,-73.570717
146788,-73.570717
146868,-73.570717
146892,-73.570717
146904,4.772597
146940,-466.710698
146980,-466.710698
147116,-46.177141
147132,-46.177141
147176,-46.177141
147228,-35.194007
147260,-407.108405
147332,-407.108405
147340,-54.724592
147460,-54.724592
147464,-47.195801
147604,-44.87981
147632,-44.87981
147724,-44.87981
147832,-44.87981
147960,-44.87981
148012,-119.973109
148080,-21.799437
148124,-21.799437
148140,-21.799437
148156,-18.329984
148176,-73.054918
148264,-73.054918
148284,-9.226041
148296,13.422915
148300,-36.253494
148324,-36.253494
148364,-8.200973
148460,-4.963991
148516,-4.963991
148524,1.663141
148540,1.663141
148548,1.663141
148668,1.663141
148708,-7.523429
148724,-2.744569
148844,-2.744569
148864,-2.744569
149064,-2.744569
149132,-87.855423
149136,-87.855423
149164,-51.126695
149220,-51.126695
149248,-51.126695
149340,-32.218025
149488,-32.218025
149616,-52.946277
149664,-52.946277
149812,-52.946277
149988,-52.946277
150012,-52.946277
150404,-52.946277
150748,-52.946277
151008,-52.946277
151340,-398.966239
151580,-2.678791
151600,-2.678791
151752,15.507668
151804,15.507668
152008,15.507668
152064,-45.246386
152168,-1.96015
152404,-1.96015
152456,-1.96015
152548,-1.96015
152588,-77.365952
152724,-501.353223
152812,-501.353223
152844,-501.353223
153052,-501.353223
153132,-434.713328
153292,-18.910561
153380,-18.910561
153404,-28.971914
153532,-28.971914
153592,0.196681
153604,0.196681
153616,-358.036031
153712,-8.778538
153740,-8.778538
153760,-8.778538
153828,-102.350591
153836,-102.350591
154028,-102.350591
154044,-155.379295
154264,-155.379295
154304,-5.320416
154308,-5.320416
155008,-5.320416
155580,-5.320416
155852,-5.320416
156088,-5.320416
156320,-5.320416
157592,-457.275377
157712,-436.217415
157828,-457.817802
157864,-10.534138
158164,-93.678614
158216,-32.829193
158264,-32.829193
158304,-439.208772
158308,-439.208772
158376,-11.210861
158540,-34.904981
158576,-53.685942
158624,2.381266
158704,-10.875491
158732,-10.875491
158772,-4.706362
159072,-17.256804
159120,-75.463275
159152,-75.463275
159156,-75.463275
159248,-75.463275
159272,-27.616806
159404,-4.973114
159608,-4.355592
159644,-4.355592
159760,-11.677399
160228,7.277552
160320,7.277552
160464,7.277552
160616,7.277552
160660,7.277552
160664,-18.377981
160804,-23.256903
160920,0.760801
161236,0.760801
161340,0.760801
161544,0.760801
161712,-437.218666
162240,-68.63722
162540,-414.348828
162756,-75.485061
163000,-10.451565
163072,-404.141618
163116,-24.630422
163248,-24.630422
163304,-34.552562
163524,-61.292817
163600,1.891494
163844,1.891494
164320,1.891494
164568,1.891494
164616,1.891494
164740,1.891494
164856,1.891494
164920,-441.735925
164984,-441.735925
165044,-441.735925
165052,-441.735925
165192,-441.735925
165324,-27.337213
165488,-27.337213
165492,-36.854059
165544,-36.854059
166000,-36.854059
166076,-36.854059
166200,-36.854059
166312,-36.854059
166340,-84.318006
166848,-10.716635
166904,-10.785422
166948,-10.785422
167000,-382.112274
167072,-318.153122
167120,-318.153122
167268,-318.153122
167292,-318.153122
167348,-318.153122
167456,-27.364283
167508,-27.364283
167516,-1.820391
167600,-404.957465
167844,-404.957465
167884,-404.957465
167912,-115.671577
167928,-28.572132
168000,-28.572132
168016,-28.572132
168184,-28.572132
168264,-49.044917
168376,-49.661403
168384,-49.661403
168420,-49.661403
168532,-256.106297
168584,-9.359786
168648,-15.955926
168764,-15.955926
168792,-15.955926
168812,-16.417712
168904,-16.417712
168908,-33.723346
168936,-15.202288
168968,-15.202288
169136,-15.202288
169192,-15.202288
169240,-15.202288
169416,-15.202288
169436,-15.202288
169524,-15.202288
169640,-15.202288
169748,-15.202288
169828,-15.202288
169948,-159.42195
169952,-122.201468
169964,-122.201468
170032,-122.201468
170064,-122.201468
170072,-21.365978
170212,1.574206
170344,-66.376072
170444,-66.376072
170512,26.905302
170532,-15.557538
170552,-15.557538
170572,-15.557538
170676,-13.456266
170764,-13.456266
170908,-31.828401
170972,-31.828401
171052,-12.058503
171212,6.223461
171228,-71.550581
171352,-8.938943
171368,-8.938943
171412,-8.395815
171456,-20.129734
171572,5.253559
171576,5.253559
171728,5.253559
171796,15.400466
171844,-31.045051
171912,-407.614428
171972,17.268954
172028,-32.83588
172056,-12.570315
172112,7.221916
172244,-26.63798
172264,-410.149478
172344,9.702945
172412,-85.414715
172564,-5.023194
172620,15.568878
172644,-8.808733
172732,-0.7201
172740,14.792625
172924,-9.220686
173240,-9.220686
173288,-20.095998
173296,-20.095998
173352,-56.497897
173412,-56.497897
173436,-10.566312
173460,21.352751
173540,21.352751
173656,-18.668156
173912,-22.173852
174196,-22.173852
174572,-22.173852
174728,-22.173852
174764,-22.173852
174796,-22.173852
174844,-22.173852
174904,-22.173852
174980,-22.173852
175044,-22.173852
175056,-22.173852
175108,-22.173852
175144,-69.184913
175216,-69.184913
175248,-69.184913
175580,-45.881429
175612,-45.881429
175728,-45.881429
175816,-16.617847
176020,-55.0233
176152,-55.0233
176244,-277.092794
176364,-277.092794
176452,-277.092794
176524,-16.791154
176732,-374.581555
176912,-16.691098
177328,-135.252291
177484,-4.024737
177656,-370.365867
177696,14.632453
177796,-5.10088
177940,-5.10088
178100,-2.828441
178344,-6.79064
178400,-172.491468
178456,-4.692529
178624,-44.916144
178636,1.165508
178900,-45.517457
178956,-45.517457
179016,-45.517457
179068,-24.3635
179084,-24.3635
179248,-24.3635
179580,-24.3635
179612,-24.3635
179660,-24.3635
179688,-24.3635
179724,-24.3635
179828,-24.3635
179892,-24.3635
180020,-393.279138
180044,-393.279138
180048,-393.279138
180120,-393.279138
180244,-393.279138
180340,-393.279138
180444,-393.279138
180468,-393.279138
180524,-393.279138
180556,-393.279138
180892,-1.07733
181132,-1.07733
181224,-1.07733
181272,6.702009
181312,6.702009
181380,-5.907423
181416,-5.907423
181456,-6.341087
181620,-6.341087
181764,-6.341087
181860,-6.341087
181884,-6.341087
182124,-6.341087
182312,-6.341087
182588,-6.341087
182624,-322.49215
182676,-322.49215
182812,-124.053749
182900,-294.640936
183004,-24.507039
183068,-286.892031
183084,-286.892031
183136,-286.892031
183144,-286.892031
183240,14.037335
183300,14.037335
183304,14.037335
183584,-66.076094
183676,-29.084291
183688,-29.084291
183828,8.933978
183864,8.933978
184260,-90.654283
184416,-90.654283
184612,-66.556601
185028,-66.556601
185288,-66.556601
185548,-66.556601
185860,-66.556601
185884,-66.556601
186128,-66.556601
186228,-66.556601
186232,-66.556601
186292,-66.556601
186528,-146.336161
186812,-283.465261
187040,-25.175833
187104,-6.788079
187300,-6.788079
187424,-6.788079
187472,-6.788079
187564,8.808467
187648,-12.540065
187676,-303.440459
187828,-302.922933
187864,-302.922933
187876,-302.922933
187984,-302.922933
187992,14.345545
188076,-14.438267
188196,-14.438267
188296,-14.438267
188340,-24.930415
188416,-24.930415
188552,-24.930415
188884,-24.930415
189248,-24.930415
190228,-24.930415
190288,-169.505073
190476,-169.505073
190528,-396.787016
190600,-5.827828
190660,-28.345535
190836,-31.689689
190888,-32.954082
191184,-32.954082
191196,2.749791
191472,2.749791
191664,2.749791
191672,-72.550223
191676,-329.441211
191796,-329.441211
191876,-10.98574
192076,-293.505371
192120,-9.61697
192264,10.705111
192332,-23.721457
192800,-28.413325
192884,-28.413325
192900,-25.88534
192972,-25.88534
193008,-7.260611
193248,-7.260611
193408,-36.730184
193436,-36.730184
193536,-36.730184
193816,-36.730184
193964,-36.730184
194416,-36.730184
194552,-36.730184
194888,-229.741775
195028,-229.741775
195240,-229.741775
195500,-229.741775
195664,-229.741775
195736,-229.741775
195752,-229.741775
195796,-229.741775
195956,-229.741775
196028,-229.741775
196120,-233.98377
196348,-233.98377
196424,-233.98377
196644,-233.98377
196800,-233.350223
196860,-62.720152
196888,-11.078323
196980,-11.078323
197108,-11.078323
197388,-11.078323
197408,-335.385755
197480,-3.615142
197496,-46.266076
197552,-46.266076
197580,-46.266076
197584,-9.650945
197644,-21.721401
197708,-21.721401
197712,-21.721401
197792,-21.721401
197820,-21.721401
197896,9.231617
198068,9.231617
198152,0.738267
198176,-6.611237
198788,-35.460071
198888,-252.695173
199240,-252.695173
199316,-2.429428
199420,-2.429428
199668,-47.518892
199796,-47.518892
199888,-26.140346
199904,-26.140346
200036,-26.140346
200184,-26.140346
200888,-275.594851
201380,-26.581709
201792,-26.581709
201896,-26.581709
202068,-26.581709
202136,-26.581709
202176,-263.472953
202444,-263.472953
202500,-263.472953
202888,-6.059663
203116,-6.059663
203240,-45.872122
203460,13.671319
203684,13.671319
203720,11.58052
203800,-0.825321
203888,-200.12013
203900,-200.12013
203912,-1.360327
204036,-1.360327
204124,-1.360327
204184,-1.360327
204248,18.001218
204364,-11.642536
204452,-36.505174
204520,-9.588748
204524,-9.588748
204596,-72.48842
204636,-72.48842
204688,-72.48842
204700,12.09329
204704,12.09329
205052,12.09329
205160,12.09329
205224,12.09329
205236,12.09329
205380,-250.277051
205440,-7.729304
205532,-12.309224
205548,-12.309224
205748,21.559366
205772,21.559366
205912,21.559366
206036,21.559366
206104,6.75903
206124,6.75903
206204,6.75903
206380,21.925383
206500,21.925383
206512,21.925383
206596,21.925383
206664,21.925383
206764,21.925383
206884,21.925383
207224,21.925383
208164,21.925383
208228,21.925383
208364,-82.418459
208520,-126.063985
208524,-126.063985
208700,-196.315446
208832,-196.315446
208856,-5.943577
208876,-0.430217
208880,-0.430217
209004,-10.339769
209012,-10.339769
209060,-10.339769
209172,-10.339769
209256,-3.003065
209492,-3.003065
209560,35.128977
209624,35.128977
209860,35.128977
210020,35.128977
210080,35.128977
210088,-47.17364
210160,-47.17364
210276,-8.315905
210380,-190.806871
210444,-76.078291
210636,-40.440511
210664,-40.440511
210692,-20.164628
210896,-20.164628
211124,-20.164628
211256,-54.717906
211416,-54.717906
211424,-54.717906
211524,-54.717906
211864,-72.81323
212116,-72.81323
212228,-72.81323
212332,-72.81323
212364,-210.274029
212404,-210.274029
212648,-6.957942
212720,0.460147
212812,-4.083969
212912,-4.083969
212988,-20.365787
213136,-20.365787
213400,-20.365787
214040,-65.311049
214160,-65.311049
214304,-65.311049
214312,-65.311049
214444,-225.521979
214468,-225.521979
214656,0.127134
214764,-14.91796
215256,-149.944033
215324,-33.792535
215360,-33.792535
215416,-33.792535
215428,-33.792535
215492,-5.906915
215508,-5.906915
215516,-5.906915
215556,37.405816
215640,3.401611
215712,3.401611
215832,-12.719376
215948,-12.719376
216032,10.323061
216096,10.323061
216104,9.085083
216116,9.085083
216452,9.085083
216472,9.085083
216700,9.085083
216732,9.085083
216812,13.341503
216844,13.341503
216908,13.341503
217084,-11.190203
217124,-21.673792
217248,-21.673792
217488,-21.673792
217620,-21.673792
217696,-23.237151
217764,-23.237151
218040,-140.564854
218048,-30.806272
218072,-30.806272
218308,-30.806272
218364,27.815373
218580,27.815373
218900,-27.74057
219016,-27.74057
219052,-27.74057
219128,-18.447127
219212,-18.447127
219280,6.959035
219832,-138.999036
219884,-138.999036
220012,-138.999036
220116,-138.999036
220348,-57.923097
220844,-57.923097
221084,-121.07337
222364,-212.186298
222424,-0.965333
222616,-82.979998
222808,-43.398341
222920,-8.210217
223128,-8.210217
223832,-232.205751
223876,-232.205751
224012,-232.205751
224032,3.613557
224116,3.613557
224200,-16.528092
224228,-16.528092
224348,-145.276496
224464,-145.276496
224536,8.926269
224844,8.926269
224984,8.926269
225128,8.926269
225312,8.926269
225376,8.926269
225408,8.926269
225436,18.242445
225468,18.242445
225516,18.242445
225788,18.242445
225856,-22.489518
225908,-22.489518
226272,-22.489518
226308,-15.218898
226440,6.219672
226472,6.219672
226616,6.219672
226700,6.219672
226784,6.219672
226800,-45.874884
226808,-154.360045
226920,-132.113664
227380,36.647996
227516,9.989552
228072,-57.757782
228116,-57.757782
228124,-15.295605
228348,-130.229178
228412,-3.873553
228948,-3.873553
229148,-3.873553
229228,-3.873553
229468,-3.873553
229684,-54.870365
229908,-54.870365
230084,-54.870365
230116,-54.870365
230132,-16.47811
230176,-16.47811
230184,-7.890725
230248,-7.890725
230444,-7.890725
230716,-7.890725
230784,-7.890725
230808,-68.28223
230880,-68.28223
231124,-68.28223
231304,-68.28223
231328,-16.903105
231356,-16.903105
231376,-16.903105
231400,-16.903105
231464,-16.903105
231576,-16.903105
231720,-16.903105
232008,44.881022
232072,-36.892446
232124,-120.420737
232164,-120.420737
232212,-120.420737
232340,-14.770515
232708,4.854489
232932,-31.107921
233088,-31.107921
233292,-31.107921
233308,-38.668518
233448,-38.668518
233544,7.864665
233640,7.864665
233848,-35.133096
234176,-35.133096
234184,-95.772118
234388,2.69298
234480,-29.302086
234496,-36.250164
234528,-36.250164
234568,6.551095
234572,1.200052
234856,16.878273
235140,-52.218855
235344,-8.020401
235584,13.882335
235792,23.587568
236048,-21.672424
236056,-3.744321
236164,-3.744321
236212,-3.744321
236696,46.669979
236708,-133.285373
236996,-9.79592
237016,-9.79592
237232,-9.79592
237304,-9.79592
237544,-42.798672
237604,3.74096
237624,3.74096
237640,3.74096
237884,3.74096
238164,3.74096
238228,3.74096
238488,3.74096
238528,3.74096
238608,3.74096
238748,3.74096
238832,3.74096
239016,3.74096
239124,3.74096
239232,3.74096
239308,3.74096
239468,3.74096
239960,3.74096
240048,-48.850962
240088,-48.850962
240208,-48.850962
240212,-48.850962
240272,-48.850962
240304,-48.850962
240656,-48.850962
240708,-79.451745
240756,-79.451745
240920,-79.451745
240996,-72.73017
241236,-72.73017
241356,-72.73017
241392,-69.447407
241496,-69.447407
241520,-10.509754
241604,-9.028901
241620,-9.028901
241656,-6.810133
241744,-6.143563
241944,-6.143563
242140,-28.497279
242164,-28.497279
242416,-10.646739
242440,-13.557881
242484,-21.326165
242508,-1.634393
242564,-2.427477
242692,-2.427477
243000,-2.427477
243008,-16.0501
243144,-16.0501
243308,34.345705
243340,34.345705
243620,34.345705
244048,-89.530183
244128,2.947065
244212,2.947065
244228,-25.991377
244332,-25.991377
244412,-4.393478
244556,0.12899
244628,0.12899
244648,0.12899
244656,-0.511757
244684,-0.511757
244804,9.65768
244808,9.65768
245620,9.65768
246080,9.65768
246432,9.65768
246564,-94.148613
246584,-94.148613
246692,-94.148613
247008,-77.945107
247032,-77.945107
247308,-13.101414
247332,-1.769852
247384,0.783684
247388,0.783684
247392,0.783684
247468,0.783684
247540,0.783684
247596,0.783684
247756,-40.260434
247876,-40.260434
248000,-40.260434
248648,-40.260434
248804,-17.984184
248808,-17.984184
248828,-17.984184
248928,-17.984184
249136,-17.984184
249228,-25.04308
249420,23.492434
249596,27.737854
249888,21.187405
250016,21.187405
250080,21.187405
250208,21.187405
250468,64.033304
250832,64.033304
251308,19.457804
251384,-1.564663
251392,3.565403
251468,3.565403
251756,12.03948
252132,12.03948
252248,12.03948
252600,12.03948
252648,12.03948
252928,12.03948
252968,12.03948
253212,12.03948
253312,12.03948
253580,12.03948
253616,12.03948
254080,12.03948
254220,12.03948
254332,12.03948
254468,-32.33551
254548,-32.33551
254832,-32.33551
255384,-20.167296
255392,30.104091
255444,12.071616
255756,-54.13573
255832,-35.920041
255980,4.698434
256116,3.155052
256648,3.155052
256796,3.155052
256972,3.155052
257200,96.536436
257300,-49.159653
257312,-49.159653
257488,15.332117
257588,56.171639
257972,-3.293673
258424,57.568412
258548,57.568412
258764,-24.66711
258840,8.89819
258940,8.89819
259012,-41.366346
259228,-41.366346
259268,-11.360813
259632,22.826543
259756,-7.862054
259996,-4.134454
260160,10.806052
260276,54.306806
260400,-0.110957
260648,22.406942
260756,-22.882585
260780,6.335513
260856,4.59188
260972,4.59188
261000,-18.358674
261076,-18.358674
261120,4.80231
261424,10.458656
261588,-23.86449
261596,-0.232523
261652,-0.232523
261732,-30.320812
261784,-24.207144
262160,34.145988
262204,-13.180568
262420,6.858636
262424,21.70792
262940,21.70792
263060,13.484653
263132,6.697475
263228,6.697475
263304,6.697475
263348,6.697475
263568,6.697475
263632,22.780003
263652,-29.521529
263792,-29.521529
263816,-29.521529
263900,-29.521529
264340,13.358639
264480,28.281018
265076,28.281018
265152,28.281018
265652,28.281018
265772,28.281018
265964,28.281018
266032,28.281018
266160,37.366939
266420,7.181092
267164,-3.162406
267168,-29.700467
267336,18.648345
267388,18.648345
267652,48.5175
267728,63.956652
267816,63.956652
267864,25.971195
267900,25.971195
268124,25.971195
268424,25.971195
268468,25.971195
268480,69.772134
268512,69.772134
268732,69.772134
269152,69.772134
269164,69.772134
269276,69.772134
269444,69.772134
269680,-5.071501
269828,-5.071501
269908,-7.238847
271336,92.502979
271388,92.502979
271468,14.076058
271600,21.642778
271728,57.76812
271864,-19.870512
272456,-24.287867
272512,-24.287867
272688,-24.287867
273048,-30.299443
273316,4.092703
273444,4.092703
273688,-5.813961
273828,-5.813961
273836,31.656957
273864,28.704789
273908,109.218629
273940,-3.175588
273984,-3.175588
273988,-3.175588
273996,1.645548
274184,1.645548
274280,1.645548
274476,1.645548
274584,1.645548
274656,29.904644
274744,71.423465
275016,31.751723
275208,31.751723
275388,31.751723
275480,31.751723
275728,82.860209
276560,82.860209
276736,82.860209
276972,82.860209
277044,82.860209
277444,82.860209
277712,82.860209
277808,82.860209
277836,92.753375
277896,92.753375
277944,-4.08053
278100,14.172489
278256,14.172489
278316,14.172489
278584,14.172489
278656,34.946124
278712,38.975038
278792,38.975038
278952,38.975038
279016,67.387726
279364,67.387726
279384,67.387726
279620,67.387726
279712,67.387726
279728,122.846247
279768,-18.909027
279836,-18.909027
280092,-10.95668
280440,3.543266
280520,14.263204
280740,24.405388
281808,24.405388
281864,37.910026
282656,72.328244
282712,140.508226
282896,1.544739
282952,1.544739
283024,-8.056235
283096,-1.746016
283364,-1.746016
283608,-1.746016
283836,-1.746016
283920,83.893195
284440,137.7161
284444,137.7161
284548,137.7161
284556,6.647326
284644,-1.838826
284700,-1.838826
284764,-1.838826
284788,-1.838826
285008,28.83419
285060,28.83419
285184,28.83419
285228,14.559207
285320,16.422194
285348,16.422194
285456,16.422194
285576,16.422194
285804,5.611072
285808,5.611072
285864,106.860473
286436,15.472804
286564,15.472804
286676,15.472804
287052,-25.617428
287096,0.492242
287168,0.492242
287180,17.094547
287268,17.094547
287512,22.290089
287540,22.290089
287592,75.122204
287804,33.199269
287920,207.765347
287932,47.610292
288100,6.193993
288204,6.193993
288268,33.500136
288520,25.90994
288588,14.410893
288764,14.410893
288940,-43.600029
289020,25.594799
289180,25.594799
289576,25.594799
289784,-43.362895
290180,-12.001116
290364,-12.001116
290524,-12.001116
290584,-12.001116
290676,-12.001116
290924,20.326951
291096,85.378529
291116,-4.576196
291348,46.455354
291448,132.161529
291504,132.161529
291544,2.892897
291576,28.101362
291788,6.453364
291920,119.820173
291984,13.960236
292052,87.20303
292100,-11.435996
292488,-14.102478
292600,33.537038
292656,29.144243
292764,29.144243
292872,48.109091
292960,7.575732
293056,3.584847
293220,44.693273
293276,44.693273
293320,6.62427
293372,6.62427
293972,6.62427
294108,54.741379
294584,54.741379
294676,54.741379
294772,54.741379
294836,54.741379
295116,128.349149
295432,128.349149
295748,128.349149
296324,128.349149
296656,183.38203
296800,183.38203
296872,188.634022
297064,188.634022
297320,67.598422
297372,45.074733
297844,-3.653132
298004,-25.656177
298108,211.480107
298280,17.829658
298564,17.829658
298584,17.829658
298676,17.829658
298756,17.829658
298808,63.967348
298908,-0.538886
298996,38.342551
299072,38.342551
299116,166.309512
299128,166.309512
299224,166.309512
299228,166.309512
299272,14.928283
299292,21.489459
299492,4.640994
299572,4.640994
299600,22.098972
299748,22.098972
299760,22.098972
299800,30.708126
299912,30.708126
299916,30.708126
300048,30.708126
300180,38.951402
300232,38.951402
300236,0.163314
300316,23.918802
300504,23.918802
300748,23.918802
300800,23.918802
300808,23.918802
300868,23.918802
300872,21.907507
300984,21.907507
301012,21.907507
301020,13.827487
301200,-35.514296
301224,-35.514296
301388,-35.514296
301452,-35.514296
301564,-35.514296
301772,10.736765
301808,10.736765
301900,10.736765
301904,24.354271
301976,24.354271
302000,24.354271
302048,20.361884
302284,11.720805
302536,11.720805
302556,11.720805
302752,11.720805

303108,11.720805
303316,5.895551
303424,5.895551
303488,5.895551
303552,5.895551
303640,5.895551
303776,5.895551
304092,5.895551
304200,5.895551
304580,5.895551
304624,-25.167651
304672,-25.167651
304744,-25.167651
305232,-25.167651
305516,-25.167651
305780,33.367682
306820,33.367682
307108,138.05596
307316,171.687286
307532,-1.287332
307576,-1.287332
307776,-1.287332
307944,-1.287332
307964,41.543227
308204,41.543227
308216,41.543227
308580,41.543227
308860,41.543227
309076,41.543227
309100,41.543227
309300,41.543227
309448,41.543227
309548,-5.579815
309780,207.600783
309788,207.600783
310016,37.472479
310044,9.706819
310200,9.706819
310536,38.604202
310624,-1.752725
310900,-1.752725
311108,207.111044
311656,86.751417
311964,169.374155
312204,169.374155
312280,169.374155
312344,-19.269961
312440,-1.10937
312484,-1.10937
312580,-1.10937
312752,-1.10937
312860,-1.10937
313248,60.724301
313788,60.724301
313848,60.724301
313956,60.724301
314552,99.768912
314624,242.007573
314900,30.053724
315108,204.918008
315656,179.185217
316260,58.751201
316484,58.751201
316508,77.469499
316752,77.469499
316860,77.469499
316872,67.798805
317340,68.832848
317880,97.602405
317956,97.602405
318732,43.288447
318900,235.351874
318924,235.351874
318980,-8.116691
319108,169.696201
319196,55.886747
319648,28.891372
319836,87.968421
320080,77.564297
320092,14.57473
320128,14.57473
320196,14.57473
320484,14.57473
320596,14.57473
320752,14.57473
320828,27.583978
320856,27.583978
320860,27.583978
320984,27.583978
321136,25.475398
321244,25.475398
321400,25.32191
321740,25.32191
321756,25.391293
321820,25.391293
321976,25.391293
322500,292.794143
323108,309.676536
323236,20.554248
323420,74.248285
324092,225.460436
324504,-2.986659
324860,-2.986659
324984,-2.986659
325060,44.770778
325296,50.306009
325424,50.306009
325464,34.108257
325740,34.108257
325756,276.523593
325976,26.415879
326240,64.337531
326472,41.447916
326996,171.519935
327268,171.519935
327420,263.568128
327844,161.631355
328116,161.631355
328612,161.631355
328624,58.14289
328648,45.86929
328708,19.773774
328728,19.773774
328996,66.094219
329156,11.093009
329424,11.093009
329524,11.093009
329632,11.093009
329740,11.093009
329908,11.093009
329944,63.690565
330064,11.203557
330152,11.203557
330472,298.646754
330908,298.646754
330996,277.098559
331256,45.572641
331268,45.572641
331292,12.32936
331396,12.32936
331424,12.32936
331476,12.32936
331580,12.32936
331676,72.039993
331736,72.039993
331960,72.039993
332016,29.949544
332124,60.938024
332316,60.938024
332708,171.788029
333104,111.80401
333360,111.80401
333632,111.80401
333660,111.80401
333716,111.80401
334268,111.80401
334312,111.80401
334376,111.80401
334424,111.80401
334552,26.308575
334632,18.779542
334716,18.779542
334820,18.779542
335012,18.779542
335060,16.307128
335420,16.307128
335564,16.307128
335604,20.946965
335676,280.659548
335736,280.659548
335920,280.659548
336024,280.659548
336080,26.910521
336188,26.910521
336708,256.744291
336956,53.358115
337004,99.828471
337104,261.23753
338016,153.707522
338796,61.633369
339420,61.633369
339920,61.633369
340024,61.633369
340188,61.633369
340260,61.633369
340436,61.633369
340708,230.337569
340764,230.337569
340828,12.768106
340956,268.720574
341104,347.748355
341144,347.748355
341188,30.922692
341260,24.809203
341432,22.019301
341528,18.207116
341572,18.207116
341620,27.017519
342156,32.306405
342272,32.306405
342428,32.306405
342732,32.306405
342736,59.698139
342796,231.102115
343220,231.102115
343260,48.269324
343420,48.269324
343604,48.269324
343680,48.269324
343760,52.854714
343768,52.854714
343844,116.691782
344024,116.691782
344180,181.050334
344412,15.650273
344604,15.650273
344776,103.899453
345164,103.899453
345620,264.71686
345652,264.71686
345984,264.71686
346148,264.71686
346732,264.71686
347288,264.71686
347824,164.1307
347940,164.1307
348024,164.1307
348180,340.874412
348412,277.110769
348452,277.110769
348692,57.343691
348776,261.958025
349028,86.192035
349448,59.20263
349488,77.202089
349604,77.202089
349660,168.908223
349768,60.894817
349800,59.156056
349888,32.858112
349984,32.858112
350056,32.858112
350092,63.672738
350624,63.672738
350704,63.672738
350732,63.672738
351040,63.672738
351220,63.672738
351352,63.672738
351488,63.672738
351720,149.797631
352024,149.797631
352088,33.872743
352296,33.872743
352444,40.534875
352692,269.122877
352912,269.122877
353092,41.693116
353164,10.80948
354092,278.470418
354344,23.741504
354668,45.363893
354704,45.363893
355052,174.867516
355164,25.975774
355352,25.975774
356200,88.066061
356296,88.066061
356788,270.395255
356872,98.730276
356912,98.730276
356952,386.264036
357388,1.977209
357704,50.430688
357920,81.609245
358168,10.797138
358216,54.476025
358244,219.218709
358672,31.119462
358704,31.119462
359056,28.103815
359352,28.103815
359408,28.103815
360188,194.360414
360296,194.360414
360316,194.360414
360528,194.360414
360680,268.641697
360712,217.100233
360720,217.100233
360912,217.100233
361632,217.100233
361668,119.370222
361728,119.370222
361780,152.713199
361936,152.713199
361956,152.713199
362060,24.390513
362168,218.028529
362704,218.028529
362716,86.450699
362728,86.450699
362836,24.445748
362892,24.445748
363192,82.873028
363708,30.66287
364288,30.66287
364712,324.488262
364720,324.488262
364796,5.839767
365956,5.839767
365980,49.132414
366044,49.132414
366316,220.681497
366404,37.875794
366716,312.945196
366892,312.945196
367580,98.236649
368288,98.236649
368380,98.236649
368720,98.236649
368796,348.898317
369088,348.898317
369372,38.742383
369536,36.30457
369748,13.800845
369892,13.800845
370044,13.800845
370316,320.6096
370404,350.794096
370876,400.397882
370892,400.397882
371200,37.820676
371280,3.40631
371924,3.40631
371932,88.211149
372024,88.211149
372184,88.211149
372208,88.211149
372296,180.885078
372796,180.885078
373160,180.885078
373692,180.885078
373748,378.397736
374092,378.397736
374184,59.808265
374272,59.808265
374288,123.684378
374372,204.089846
374664,76.534367
374840,15.65288
374876,329.257283
374892,329.257283
375088,329.257283
375144,329.257283
375344,329.257283
375388,204.916084
375776,47.53423
375792,75.606775
375804,75.606775
375920,75.606775
376100,75.606775
376116,71.133638
376184,71.133638
376212,69.730734
376220,40.961243
376356,40.961243
376596,76.436179
377052,76.436179
377148,76.436179
377308,76.436179
377316,99.080858
377548,99.080858
377596,99.080858
378192,99.080858
378268,128.332933
378452,128.332933
378712,68.021736
378876,382.818486
379016,382.818486
379184,382.818486
379412,193.919115
380024,193.919115
380460,193.919115
380596,371.509553
381176,371.509553
381308,371.509553
381544,65.257726
381552,65.257726
382624,65.257726
382712,339.331409
382876,339.305752
383016,339.305752
383104,56.365707
383184,56.365707
383272,56.365707
383412,460.043442
383640,46.263004
383924,46.263004
385544,294.56849
385552,294.56849
386556,294.56849
386876,381.283359
386972,381.283359
387016,381.283359
387104,360.466959
387184,360.466959
387592,360.466959
387640,328.102687
387920,98.721975
388468,98.721975
388588,98.721975
388672,98.721975
388940,121.346828
389196,121.346828
389544,357.640115
391016,357.640115
391076,354.774914
391184,354.774914
391532,260.248375
391608,308.615994
391640,383.680335
391772,0.930079
391892,0.930079
392316,103.768569
392364,209.56346
392800,63.893239
392952,154.7101
393016,154.7101
393172,154.7101
393196,154.7101
393260,139.035631
393332,139.035631
393340,61.713386
394008,61.713386
394420,61.713386
394784,152.386454
394864,152.386454
394876,184.228773
394996,184.228773
395076,214.233504
395176,214.233504
395524,214.233504
395644,93.783603
395720,-7.486468
395816,-7.486468
396164,-7.486468
396432,164.13499
396600,382.02664
396968,382.02664
397672,145.509585
397752,120.55588
397864,10.425542
398008,10.425542
398784,10.425542
399076,343.494984
399176,343.494984
399232,109.187709
399488,109.187709
399720,388.238955
399804,100.58858
399816,100.58858
399876,6.787979
400084,53.09051
400116,218.882902
400680,102.748264
400752,11.761878
400968,11.761878
401016,130.992672
401220,88.066347
401816,48.965726
401864,477.870318
402348,477.870318
402456,183.871266
402572,75.279467
402736,117.061101
402784,117.061101
403008,117.061101
403488,117.061101
403684,148.643784
403816,148.643784
403880,148.643784
404084,428.144355
404532,428.144355
404604,153.082511
404784,253.327848
404836,253.327848
404864,253.327848
405384,122.356473
405580,222.035514
405628,111.36257
405692,270.015933
405804,42.472303
406228,67.256298
406760,136.880582
406784,136.880582
407244,136.880582
407816,136.880582
408028,136.880582
408100,136.880582
408836,136.880582
408864,136.880582
408924,136.880582
409540,501.387375
409692,435.051063
409864,19.014599
409876,19.014599
409936,19.014599
410228,418.0045
410364,18.851893
410412,134.150537
410556,65.358914
410760,366.520627
411816,366.520627
412100,366.520627
412112,220.34596
412320,21.103156
412416,21.103156
412768,21.103156
412924,21.103156
413192,21.103156
413616,21.103156
414364,494.678986
414412,348.874184
414488,348.874184
414556,430.759539
414612,4.088343
414624,4.088343
414876,4.088343
415240,4.088343
415328,90.22478
415416,189.919307
415772,189.919307
416248,373.877812
416416,373.877812
416924,373.877812
417448,212.123593
418612,430.383219
418876,430.383219
419328,449.405346
419412,449.405346
419772,449.405346
420248,435.65456
420416,435.65456
421008,435.65456
421216,278.394957
421264,306.152979
421660,69.508304
422276,69.508304
422376,69.508304
422568,69.508304
422612,428.340962
422876,428.340962
422992,428.340962
423324,160.093085
423412,160.093085
423692,72.428841
423900,153.112403
424248,494.605782
424568,38.088816
425224,38.088816
425264,429.749602
425384,429.749602
426376,429.749602
426840,328.242336
426928,328.242336
427496,328.242336
427688,341.031959
427692,416.840381
427720,416.840381
428116,416.840381
429224,416.840381
429264,497.389202
429452,39.715312
429548,330.442776
430176,330.442776
430352,136.114734
430840,425.912874
430904,425.912874
431496,425.912874
431688,488.625761
431720,488.625761
432076,488.625761
432116,488.625761
432448,488.625761
432460,105.396695
432560,105.396695
432840,105.396695
432908,105.396695
433452,433.576899
433548,433.576899
433688,433.576899
433800,433.576899
433896,433.576899
434208,96.429798
434352,349.694048
434840,400.280173
434976,400.280173
435240,400.280173
436116,400.280173
436460,396.335042
437408,275.341112
437516,275.341112
437772,225.66601
437800,225.66601
437896,225.66601
438168,139.645316
438208,453.079759
438828,87.225274
438840,444.753625
439084,444.753625
439240,444.753625
439804,107.128341
441516,107.128341
441772,456.646658
441800,456.646658
442316,456.646658
442700,167.751551
442828,490.921716
442840,451.586865
442952,27.444411
442972,27.444411
443072,27.444411
443084,27.444411
443240,27.444411
443336,76.655486
443380,72.13313
443608,27.30347
443804,441.915471
444096,79.190233
444140,137.758749
444192,137.758749
444664,137.758749
445020,137.758749
445220,137.758749
445724,137.758749
445912,201.98877
445940,201.98877
446000,201.98877
446168,201.98877
446364,201.98877
446776,201.98877
446828,524.038852
447804,513.688532
447868,0.539318
448084,15.860505
448096,486.701401
448428,226.119121
449024,226.119121
449220,226.119121
449724,226.119121
449912,433.894392
450364,433.894392
450600,433.894392
451628,360.225623
452096,453.528602
452132,223.39788
452428,477.215346
452708,186.860146
453024,186.860146
453220,186.860146
453308,209.461414
453724,209.461414
453844,60.885039
454600,60.885039
454756,60.885039
454944,60.885039
455240,60.885039
455616,337.633146
456132,546.883319
456428,472.106467
456708,542.70071
456744,542.70071
457024,542.70071
457220,542.70071
457724,542.70071
457744,542.70071
458220,278.336716
459468,460.072975
459956,460.072975
460032,470.779955
460200,470.779955
460288,470.779955
460316,470.779955
460428,648.280515
460624,23.671303
460776,23.671303
461024,23.671303
461196,23.671303
461640,351.065787
461808,42.510327
462220,493.546346
462276,493.546346
462652,117.157264
463456,390.640425
463692,130.367571
463780,326.386256
464032,498.273407
464288,498.273407
464316,498.273407
464484,124.543798
465092,124.543798
465196,124.543798
465440,124.543798
465752,124.543798
466004,124.543798
466260,277.329803
466276,277.329803
466532,277.329803
466940,277.329803
467456,550.277919
467692,564.046563
467780,489.983513
468088,59.580743
468104,59.580743
468208,59.580743
470004,59.580743
470260,562.733617
470420,254.683976
470532,254.683976
470672,254.683976
470872,254.683976
470944,254.683976
471156,332.267037
471336,17.706663
471456,559.766332
471620,181.258262
471988,181.258262
472104,181.258262
472108,181.258262
472208,181.258262
472308,181.258262
472368,181.258262
472380,164.505184
472564,164.505184
473336,272.102971
473512,217.355778
473672,215.913881
474420,514.093909
474960,136.599397
475188,269.880398
475780,269.880398
475840,269.880398
476108,269.880398
476248,193.879014
476292,277.240141
476296,11.659282
476564,11.659282
476628,11.659282
477384,11.659282
478052,11.659282
478184,272.526481
478420,607.801679
478448,607.801679
478596,607.801679
478924,607.801679
478952,607.801679
478960,549.825258
479384,549.825258
479716,160.035393
480292,516.417259
480300,516.417259
481384,516.417259
482184,473.273313
482420,534.500076
482596,534.500076
483216,534.500076
483224,534.500076
483716,582.678258
483848,229.925746
484064,40.791372
484292,540.18727
484300,540.18727
484424,540.18727
484476,14.28979
484564,14.28979
484628,183.100492
484776,183.100492
485120,93.066913
485204,18.33971
485396,179.550464
486184,577.379855
486332,331.565775
486412,142.645249
486436,142.645249
486764,142.645249
487460,204.190191
487520,370.5151
487760,50.559504
487804,50.559504
488308,77.493985
488424,77.493985
488440,77.493985
488580,77.493985
488688,77.493985
488776,77.493985
489612,202.332135
490184,515.980563
490312,450.776827
490988,450.776827
491280,200.656245
491376,200.656245
491456,176.400451
491460,495.564175
491804,495.564175
492580,495.564175
492776,495.564175
493020,495.564175
493156,495.564175
493180,278.98682
493464,373.769412
493612,552.497788
493780,43.650434
494364,371.477511
494468,91.037597
495376,91.037597
495804,91.037597
497020,91.037597
497032,308.658428
497104,308.658428
497140,279.263785
497156,279.263785
497180,625.43285
497612,563.974608
498012,122.22755
499376,122.22755
499804,122.22755
499972,316.515422
500412,316.515422
500860,316.515422
500960,316.515422
501032,546.837627
501104,546.837627
501180,582.019649
501476,582.019649
502012,514.345356
502856,226.510737
503972,553.055341
504412,553.055341
504860,553.055341
504932,189.261514
504960,189.261514
505180,539.402256
505224,539.402256
505452,466.247197
505476,466.247197
505564,466.247197
505808,84.252937
506012,697.95884
506668,124.06845
508412,124.06845
508860,124.06845
508932,621.592581
509224,621.592581
509396,54.931226
509452,665.738155
509564,665.738155
509808,601.156022
510648,700.923772
510852,700.923772
511568,700.923772
512412,700.923772
512460,700.923772
512716,441.245457
512860,441.245457
513452,579.789277
513808,578.278307
514004,96.929386
514468,246.737897
514648,547.079139
514660,108.267508
514812,32.18887
514852,32.18887
514936,32.18887
516460,32.18887
516860,32.18887
517068,32.18887
517252,32.18887
517336,417.299563
518004,679.425585
518660,576.811299
518772,129.176782
518812,408.016811
518852,408.016811
518932,408.016811
518936,408.016811
518940,408.016811
519468,408.016811
520008,146.211086
520420,59.024777
520460,59.024777
521336,605.892167
521444,134.345453
521592,37.934869
522276,185.101181
522772,610.621228
522804,207.167087
522812,577.770024
522932,577.770024
522940,577.770024
522960,29.362917
523468,29.362917
523664,136.700723
524092,91.107986
524140,206.78664
524308,44.443065
524320,44.443065
524460,44.443065
525144,471.180656
525620,98.459599
526812,637.278424
526932,637.278424
527468,637.278424
527708,637.278424
527884,637.278424
528092,615.434125
528308,567.742006
528320,567.742006
528460,567.742006
528488,74.521512
528524,74.521512
528548,393.56125
528572,51.252523
528624,21.108357
528704,21.108357
529308,112.820467
530812,609.431938
531708,609.431938
531992,609.431938
532320,609.431938
532444,609.431938
532460,609.431938
532548,548.85361
532572,577.55464
532704,577.55464
533308,517.679637
534372,517.679637
534812,644.895131
535992,644.895131
536280,644.895131
536444,644.895131
536460,644.895131
536548,549.611584
536572,633.775725
536908,61.726192
537304,164.317173
537308,617.35248
537640,66.100385
538360,66.100385
538372,66.100385
538728,204.807565
538812,827.309768
539412,104.649441
540280,104.649441
540444,104.649441
540848,104.649441
540908,560.772652
540912,560.772652
541304,573.794515
541624,141.407457
541640,141.407457
541976,428.544619
542360,428.544619
542384,190.523763
542812,626.8759
543236,626.8759
543756,411.943502
544280,411.943502
544912,411.943502
545640,411.943502
545976,577.017866
546384,596.610331
546812,572.684939
547044,145.400953
547236,145.400953
547756,585.524218
547964,187.016058
548096,45.952301
548280,45.952301
548912,45.952301
549640,45.952301
549812,354.130286
549948,354.130286
549976,614.88159
550120,57.390021
550696,96.592313
551044,612.042685
551236,612.042685
551644,390.535758
551756,613.637938
551988,613.637938
552280,613.637938
552492,613.637938
552928,302.388094
553336,75.799643
553852,341.804324
553948,341.804324
553988,341.804324
554524,211.466217
554552,211.466217
554696,650.158016
554748,51.785331
555236,51.785331
555468,151.869593
555676,151.869593
555692,151.869593
555748,65.099705
555756,655.672878
556396,129.294971
556492,129.294971
557104,602.303204
558104,602.303204
558552,602.303204
558588,616.40955
558688,217.007948
558832,422.758266
558920,52.090985
559676,52.090985
559748,632.331598
559820,6.038181
560120,70.439212
560412,318.734999
560492,318.734999
560760,318.734999
562104,318.734999
562832,589.587941
562920,815.230392
563300,87.745034
563748,87.745034
564120,687.842688
564412,658.28584
564492,658.28584
564572,207.692157
564760,207.692157
564784,56.999844
565324,56.999844
565736,144.491539
566104,144.491539
566920,619.57188
567008,4.361046
567748,4.361046
567952,4.361046
568120,648.627942
568380,471.110339
568492,471.110339
568572,831.219188
569180,192.008866
569724,130.378367
569856,303.374178
570104,303.374178
570328,152.952432
570492,26.741825
570728,160.811478
571008,642.804986
571748,642.804986
571924,642.804986
571952,642.804986
572012,642.804986
572024,561.696763
572304,561.696763
572844,561.696763
573196,203.508233
573436,203.508233
574104,203.508233
574228,202.237154
574492,694.158115
574728,703.444834
574760,703.444834
575008,651.988293
575748,651.988293
576040,651.988293
576060,240.320727
576768,146.392881
576844,146.392881
577080,51.289128
577212,51.289128
578104,51.289128
578228,561.135417
578492,567.977611
578636,46.696048
578728,507.588636
578760,507.588636
578884,507.588636
579028,258.386535
579176,85.356903
579640,127.298006
579888,40.950793
580064,364.220463
580136,13.194175
580400,38.107551
580844,38.107551
581212,38.107551
581620,38.107551
581700,38.107551
582636,644.956732
582884,644.956732
583176,495.265523
583888,651.217139
584192,651.217139
584400,644.145851
584760,644.145851
584844,644.145851
584940,644.145851
585260,644.145851
585388,644.145851
586432,555.443655
586448,561.514484
586876,561.514484
586884,561.514484
586912,97.120663
586960,97.120663
587888,588.067941
588192,588.067941
588400,487.642206
588600,487.642206
589272,345.91488
589364,345.91488
590056,345.91488
590348,345.91488
590912,598.342733
590960,598.342733
591272,598.342733
591316,98.453033
591680,87.29592
591780,549.646443
591888,611.464666
592296,88.783794
592432,88.783794
592600,88.783794
592948,224.717056
593096,224.717056
593272,556.19566
593856,296.952862
594960,296.952862
595272,296.952862
596296,758.936786
596432,758.936786
596744,758.936786
596860,776.06929
596948,690.528317
597096,690.528317
597856,650.761944
597984,29.729318
598304,29.729318
598448,29.729318
599016,29.729318
599060,400.500405
599272,400.500405
599308,400.500405
599380,531.554422
599888,276.301913
599976,276.301913
600316,198.163684
600860,858.822147
601096,858.822147
601556,148.362095
601696,148.362095
602448,148.362095
602688,148.362095
603060,802.027693
603308,802.027693
603888,613.704065
603976,613.704065
604316,703.261915
605556,737.023873

606212,737.023873
606384,737.023873
606444,737.023873
606556,737.023873
606584,737.023873
606744,737.023873
606848,139.347386
607128,139.347386
607456,240.93968
607756,362.259139
608148,362.259139
608192,362.259139
608480,362.259139
608616,362.259139
609240,362.259139
610212,841.454931
610744,841.454931
610848,689.783895
611456,551.338563
611756,670.129769
612608,297.611893
612616,297.611893
613240,297.611893
613460,297.611893
613920,297.611893
614064,794.125373
614744,794.125373
615020,794.125373
615456,577.690157
615756,746.235734
616548,201.204581
616608,626.858824
616616,626.858824
617460,626.858824
617920,626.858824
618064,657.967096
618316,49.555581
619020,49.555581
619456,629.323185
620020,571.075931
620548,610.899943
620616,610.899943
621356,610.899943
621460,610.899943
621920,610.899943
622316,586.108335
622888,703.866554
624020,765.985277
624548,690.070126
624616,690.070126
624848,690.070126
625012,228.791681
625236,39.879874
625264,139.497105
625356,139.497105
625460,139.497105
625920,139.497105
626168,139.497105
626316,631.309759
626448,631.309759
626452,38.197218
626744,38.197218
626888,693.117853
627384,187.102293
628596,526.823566
628848,526.823566
629264,673.497483
629356,673.497483
629492,673.497483
629920,673.497483
630744,673.497483
630888,687.341961
631276,687.341961
631384,762.258761
632540,762.258761
632596,807.116672
632780,807.116672
633264,696.226074
633356,696.226074
633920,696.226074
634744,696.226074
634888,674.210808
635384,552.550119
636596,732.260012
636672,402.375844
636780,402.375844
637264,791.750468
637356,791.750468
637556,791.750468
637812,110.226251
637920,110.226251
638140,110.226251
638744,110.226251
639336,110.226251
639384,611.431906
639640,611.431906
639852,611.431906
640596,632.701545
640672,732.887404
640844,36.295386
641292,36.295386
641356,36.295386
641812,820.058128
642140,820.058128
643384,781.389192
643640,781.389192
644672,751.069772
644844,663.829775
645008,19.547109
645256,77.38238
645356,77.38238
645620,199.455762
645812,712.83562
646140,712.83562
646844,712.83562
646928,712.83562
647020,409.116267
647284,409.116267
647384,827.534355
647488,105.243494
648236,105.243494
648708,105.243494
649116,105.243494
649356,105.243494
649620,616.060437
649812,700.974236
649828,47.697128
650140,47.697128
651148,47.697128
651384,635.282594
651488,747.793614
651568,48.827628
652236,48.827628
652820,48.827628
653116,48.827628
653272,522.159666
653628,522.159666
653828,639.005615
654000,345.170677
654760,345.170677
654856,345.170677
655148,345.170677
655312,261.845429
655440,261.845429
655488,949.479651
655604,949.479651
655832,949.479651
655872,949.479651
656164,162.307601
656284,33.380941
656736,302.167203
657116,302.167203
657272,658.68227
657392,658.68227
657828,828.691912
658200,828.691912
659440,828.691912
659832,828.691912
659872,828.691912
660284,695.403809
660528,695.403809
660736,724.304169
661272,604.998641
661828,794.165926
662200,794.165926
662552,794.165926
663832,794.165926
663872,794.165926
664284,670.639692
664528,670.639692
664736,691.361454
665272,642.536534
665440,642.536534
665724,352.843047
665768,352.843047
665828,718.461925
665924,46.376513
666352,215.179066
666368,215.179066
666460,23.487348
667872,23.487348
668736,671.069215
669440,671.069215
669624,597.865103
669768,597.865103
669824,597.865103
669828,562.355694
669864,562.355694
669924,731.83147
670340,731.83147
670368,731.83147
670504,193.248672
670744,193.248672
671872,193.248672
672736,648.742295
672864,469.916506
673828,678.842082
674340,678.842082
674368,678.842082
674504,546.04909
674744,546.04909
675424,546.04909
675872,546.04909
675964,546.04909
676260,546.04909
676624,798.599142
676736,776.317602
677332,152.532523
677348,144.712499
677828,681.896123
678504,765.204665
678572,765.204665
678660,30.183975
678744,30.183975
678808,30.183975
679424,30.183975
679620,216.310049
680260,216.310049
680540,476.434321
680804,50.328
681136,50.328
681332,695.41884
681348,643.083238
681472,643.083238
682044,643.083238
682492,643.083238
682808,643.083238
683424,643.083238
683620,673.517262
684804,762.507433
685048,762.507433
685136,762.507433
685332,944.464166
685348,583.473505
686272,583.473505
686492,583.473505
687424,583.473505
687620,763.771407
688804,661.103596
689048,661.103596
689252,661.103596
689332,776.894268
689348,720.327107
690272,720.327107
690492,720.327107
691256,339.144411
691620,771.217121
692360,771.217121
692804,736.945959
693048,736.945959
693260,456.824127
693332,765.347433
693440,122.664216
694272,122.664216
694492,122.664216
695620,607.503144
696360,607.503144
697048,607.503144
697260,728.682239
697332,680.086336
697440,869.830883
698272,869.830883
698316,255.263425
698492,255.263425
698880,255.263425
699620,679.632977
700360,679.632977
701008,679.632977
701048,679.632977
701332,771.102951
701440,758.607326
701732,110.70909
701996,114.218587
702228,55.986168
702316,680.831844
702880,680.831844
703084,229.04559
703620,728.782564
704088,331.975731
704360,331.975731
704612,331.975731
705008,331.975731
705048,331.975731
705564,331.975731
705732,701.157997
705792,434.542055
706352,541.136021
707028,295.892705
707264,244.650257
707620,627.460753
708360,627.460753
708536,236.706697
708612,236.706697
709048,236.706697
709564,236.706697
709732,827.79918
709812,827.79918
710968,827.79918
711028,658.832286
711112,658.832286
711264,631.242905
711632,438.810617
712036,84.511631
712360,84.511631
712428,84.511631
712536,722.678883
714968,722.678883
715028,866.602838
715112,866.602838
715264,789.915842
716036,723.313347
716360,723.313347
716428,723.313347
716536,589.627979
716908,105.535059
717164,105.535059
718876,505.137106
718968,505.137106
719028,720.263493
719112,720.263493
719264,782.881949
719584,782.881949
719952,211.276395
720024,17.140003
720028,17.140003
720036,826.84372
721164,826.84372
722468,615.823672
722968,615.823672
723112,615.823672
723264,655.493559
723584,655.493559
724024,741.119895
724036,662.472741
724768,520.535342
725164,520.535342
725340,319.161025
725608,319.161025
726904,567.422077
726968,567.422077
727112,567.422077
727408,567.422077
727584,567.422077
727684,567.422077
728036,716.478389
728288,49.422561
728448,49.422561
728536,539.076368
728732,42.966538
728768,756.565627
729264,122.117695
729596,73.922636
730376,373.331467
730904,747.772307
731112,747.772307
731584,747.772307
731684,747.772307
732288,735.926783
732448,735.926783
733152,252.068787
733596,695.027923
734296,695.027923
734376,611.32588
734496,43.282344
734904,714.147431
735112,714.147431
735684,714.147431
735880,714.147431
737152,738.175946
737196,738.175946
737420,59.299426
737596,722.525631
737656,557.794702
737812,557.794702
737912,133.826187
738296,133.826187
738456,154.995851
738904,829.24118
739112,829.24118
739188,288.736586
740284,322.241201
740752,322.241201
741196,322.241201
741656,698.683786
741812,698.683786
742296,698.683786
742456,749.726478
743188,720.075756
744284,890.539881
744752,890.539881
745196,890.539881
745656,710.112162
745812,710.112162
746296,710.112162
746456,824.968839
747188,732.21703
747256,732.21703
747864,195.023704
748284,733.540269
749196,733.540269
749628,733.540269
749656,758.4624
749812,758.4624
749824,380.344523
750296,380.344523
750456,712.236417
750632,57.200785
750860,60.51974
751256,60.51974
751272,335.595498
751328,600.5545
751424,29.649164
753628,29.649164
753812,29.649164
753824,550.227315
754172,550.227315
754860,741.182645
755256,741.182645
755328,762.397724
755396,126.764293
755424,740.255333
755520,62.843027
755756,51.191652
756240,217.740476
757076,574.503407
757356,187.135774
757628,187.135774
757812,187.135774
757976,154.704424
758172,154.704424
758520,73.586907
759256,73.586907
759264,210.165878
759424,716.383188
759756,697.228382
761076,603.551965
761212,603.551965
761628,603.551965
761812,603.551965
762064,603.551965
762464,603.551965
762900,338.430003
763184,338.430003
763264,746.873703
763424,855.866958
763756,891.707188
765132,891.707188
765212,891.707188
765436,891.707188
766464,891.707188
766900,846.404457
767184,846.404457
767264,824.568538
767424,762.040917
767492,51.507625
767756,758.557084
767772,758.557084
768020,141.785742
769036,141.785742
769132,141.785742
770464,141.785742
770900,705.0555
771424,787.199575
771756,798.612091
771772,798.612091
772020,767.684511
772380,230.373607
773036,230.373607
773132,230.373607
773668,260.999064
774464,260.999064
774900,645.717152
774992,645.717152
775008,28.083713
775756,823.094872
775772,823.094872
776020,949.843325
776292,949.843325
777036,949.843325
777132,949.843325
777668,764.572605
777888,419.289202
778292,110.46472
779008,846.672133
779772,846.672133
780020,779.768743
780292,779.768743
780736,442.358798
781036,442.358798
781132,442.358798
781588,442.358798
781668,684.042111
782292,699.462408
782472,699.462408
782536,699.462408
782712,699.462408
784020,792.253156
784292,792.253156
784736,750.35935
785588,750.35935
785668,717.215533
786064,905.459033
786072,905.459033
786156,89.819433
786536,89.819433
786712,89.819433
787576,679.781051
787628,313.758823
787636,313.758823
788292,313.758823
788736,771.78992
788892,302.988688
789052,48.34085
790064,798.762049
790072,798.762049
790536,798.762049
790576,798.762049
791628,724.8988
791636,724.8988
792292,724.8988
792440,857.998957
793052,753.448027
793468,740.260765
794536,740.260765
794576,740.260765
795628,729.780564
795636,729.780564
796252,729.780564
796292,729.780564
796416,729.780564
796440,933.955264
797052,894.623347
797368,809.60217
798576,809.60217
799536,809.60217
799628,779.886636
799636,779.886636
800292,779.886636
800440,833.537369
800704,259.746199
801052,931.88025
801352,72.944622
801368,801.745599
801788,264.699957
802576,264.699957
803536,264.699957
803636,264.699957
804292,264.699957
804440,754.865509
805352,765.773986
805368,746.752864
805788,800.343177
806576,800.343177
806776,586.009857
806936,305.183821
807536,305.183821
807636,305.183821
807904,305.183821
808292,305.183821
809352,669.75642
809368,896.800643
809748,121.220638
810220,224.57645
810576,224.57645
810776,816.460633
810936,772.174013
811008,319.910715
811236,135.708753
811268,116.457489
811476,69.154626
811636,69.154626
811664,132.719625
811904,132.719625
812292,132.719625
813580,132.719625
814220,705.014542
814576,705.014542
815008,789.325795
815236,789.325795
815476,801.958434
815512,303.179783
815664,779.707626
816236,196.959952
816292,196.959952
816500,196.959952
817280,202.543088
817360,387.703399
817580,387.703399
818576,387.703399
819008,749.972657
819236,749.972657
819664,735.34485
820500,735.34485
820564,735.34485
821188,735.34485
821280,814.826846
821360,859.124445
822780,686.0678
823204,130.723511
823236,130.723511
823664,739.840444
824476,697.504606
824500,697.504606
824564,697.504606
825164,123.310548
825188,123.310548
825280,813.474505
825460,813.474505
826360,658.311831
827204,776.745734
827236,776.745734
828564,776.745734
829164,755.024031
829188,755.024031
829280,749.738827
829460,749.738827
829960,749.738827
830360,762.351135
830552,273.09195
830664,72.995364
830724,33.557318
830804,33.557318
830940,62.404307
831204,847.834426
831444,847.834426
832620,421.47608
832900,416.888037
833164,851.298041
833188,851.298041
833328,583.078145
833460,583.078145
833840,102.247814
833960,102.247814
834460,432.862804
834588,183.67091
835336,144.459309
835412,144.459309
835444,144.459309
835948,170.41731
836900,729.172278
837164,841.168379
837328,841.168379
837460,841.168379
838460,713.952475
839412,713.952475
839444,713.952475
839508,713.952475
839948,767.996735
840228,767.996735
840772,177.287631
840900,727.676939
841164,672.027012
841328,672.027012
841460,672.027012
841712,672.027012
841880,672.027012
842452,672.027012
842460,756.067682
843020,756.067682
843428,756.067682
843508,756.067682
844144,795.154027
844228,795.154027
844772,754.389199
845164,745.90367
845404,525.659709
846452,525.659709
846664,737.97172
846908,58.96903
847116,75.447956
847428,75.447956
847508,75.447956
848228,75.447956
848772,855.37154
849164,846.444857
849368,34.829692
849404,746.229581
849620,746.229581
849884,126.22647
850296,96.456051
851116,967.555718
851428,967.555718
851508,967.555718
852228,967.555718
852772,783.634661
853368,848.179316
853620,848.179316
853812,282.811773
854296,743.254484
855116,860.843485
855392,860.843485
855428,860.843485
855508,860.843485
857368,786.378005
857620,786.378005
857812,896.07724
858296,739.239877
859116,948.725567
859392,948.725567
859428,948.725567
859508,948.725567
861368,605.878519
861620,605.878519
861812,680.006561
861968,31.153063
862116,525.686826
862264,80.757004
862280,47.107998
862296,747.467893
862936,183.353381
863156,183.353381
863392,183.353381
863428,183.353381
864464,341.258894
865100,161.775355
865368,763.257088
865620,763.257088
865680,74.218605
866280,892.417444
866296,781.438893
867156,781.438893
867216,277.46034
867392,277.46034
867428,277.46034
868712,277.46034
869100,862.943895
869620,862.943895
869680,675.826618
870280,835.390263
871216,826.024707
871392,826.024707
871428,826.024707
872712,826.024707
872860,659.603198
872992,50.041123
873100,902.764571
873212,28.380579
873388,139.018951
873620,139.018951
873680,773.781519
873724,101.59887
874340,258.153644
875216,789.465904
875392,789.465904
875428,789.465904
876712,789.465904
877620,789.465904
877680,850.589079
877724,849.162956
877868,663.50975
878340,777.986608
879392,777.986608
879428,777.986608
880712,777.986608
881620,777.986608
881680,787.37279
881724,768.076753
881868,758.632232
881896,53.889846
882156,70.285933
882340,1030.668034
882700,223.024084
882752,277.108853
883276,142.345816
883392,142.345816
883428,142.345816
883944,142.345816
884312,142.345816
884712,142.345816
884976,142.345816
885620,142.345816
886156,735.946774
886340,823.109937
886752,898.063733
887224,276.811134
887276,769.101054
888312,769.101054
888712,769.101054
888976,769.101054
889500,577.755538
889620,577.755538
890340,802.735548
890752,771.934146
891124,771.934146
891224,768.759766
891272,254.353032
892312,254.353032
892408,254.353032
892780,254.353032
893500,765.869453
893620,765.869453
894552,765.869453
894696,765.869453
894752,864.212826
895224,875.112297
895272,817.001764
896780,817.001764
897500,793.081404
897620,793.081404
898336,793.081404
898552,793.081404
898696,793.081404
898752,870.27673
899224,841.537624
899272,1004.265196
899532,464.959185
899636,81.867251
900780,81.867251
901592,81.867251
901864,449.621209
902336,449.621209
902420,138.160548
902552,138.160548
902752,882.813938
902948,882.813938
902980,882.813938
903100,882.813938
903224,833.998799
903236,707.637623
904476,259.06217
906336,259.06217
906420,871.973508
906752,734.253581
906948,734.253581
906980,734.253581
907100,734.253581
907224,951.695324
908476,891.406125
909224,194.212476

