timestep,reward
264,-80.523248
284,-74.168368
292,-95.343357
328,-11.676802
344,-14.132871
360,-33.911612
544,-64.62587
660,-33.332882
740,-28.23575
1000,-92.60744
1360,-124.324987
4004,-1171.36813
4080,-22.961255
4168,-16.252891
4320,-65.450779
4328,-1087.204253
4360,-1033.854217
4480,-63.701555
4600,-40.239145
4672,-29.696546
4704,-93.213641
5032,-69.054152
5360,-1056.936481
5380,-133.196601
5568,-41.507436
5576,-66.350568
5676,-42.048554
5772,-51.602625
5952,-89.137744
6140,-99.925883
6188,-62.617967
6400,-42.19252
6624,-83.934395
8480,-1060.779104
8568,-1060.779104
8584,-21.490675
8672,-1116.691843
8840,-83.666654
9020,-51.00186
9076,-17.230827
9132,-22.520254
9788,-145.874967
10140,-1030.358447
10160,-113.095901
10228,-113.095901
10288,-113.095901
10356,-113.095901
10360,-29.201433
10372,-51.79139
10432,-20.127168
10480,-31.600286
10588,-67.567762
10624,-1019.581018
10668,-1019.581018
11052,-1019.581018
11136,-118.208305
11224,-118.208305
11312,-78.849087
11444,-78.849087
11536,-111.854576
11636,-111.854576
11736,-54.709365
11792,-12.694621
12024,-12.694621
12568,-12.694621
12672,-1123.353868
12684,-1123.353868
12856,-46.409427
12880,-46.409427
12928,-14.975944
12944,-14.975944
13060,-11.61061
13312,-11.61061
13528,-101.995966
13608,-101.995966
13692,-101.995966
13768,-41.785546
14356,-41.785546
14480,-1029.556276
14616,-42.233274
14624,-1036.764822
14668,-1.030548
14736,-31.745539
14820,-31.745539
14900,-31.745539
14908,-115.543215
14956,-115.543215
15036,-115.543215
15372,-168.78648
15792,-999.868508
15816,-223.634907
15820,-168.451614
16024,-168.451614
16028,-78.732538
16064,-23.283404
16096,-23.283404
16116,1.553617
16144,-14.605804
16392,-14.605804
16692,-105.419894
16996,-105.419894
17052,-102.79826
17132,-21.103024
17312,-18.060687
17376,-18.060687
17584,-96.525047
17608,-96.525047
17644,-24.439371
17692,-24.439371
17768,-996.963507
17776,-62.196614
17824,-62.196614
17900,-62.196614
17948,-62.196614
18004,-62.90519
18028,-62.90519
18108,-62.90519
18252,-62.90519
18256,-71.259585
18372,-149.568831
18376,-149.568831
18380,-149.568831
18428,-18.08441
18520,-18.08441
18524,-32.265715
18548,-32.265715
18572,-32.265715
18812,-82.958061
18880,-82.958061
18960,-29.401124
18996,-29.401124
19036,-29.401124
19052,-29.401124
19160,-29.401124
19336,-29.401124
19420,-29.401124
19428,-29.401124
19548,-29.401124
19608,-29.401124
19780,-227.085
19792,-1008.096961
19892,-1008.096961
20012,-47.618387
20064,-1098.729845
20100,-1098.729845
20352,-60.986708
20484,-22.980726
20556,-22.980726
20604,-22.980726
20684,-22.980726
20856,-22.980726
20872,-123.181415
20936,-167.90513
21280,-118.657302
21328,-2.61115
21676,-47.873888
21848,-223.366547
21884,-45.468182
22144,-63.063074
22256,-960.782102
22272,-76.574574
22392,-25.136412
22484,-25.097426
22512,-89.208448
22552,-68.743145
22608,-28.112007
22616,-45.21929
22628,-29.807383
22676,-14.513255
22860,-9.255219
22888,-75.300638
22960,-75.300638
23008,-38.89666
23036,-46.914038
23096,-137.957202
23132,-137.957202
23160,-137.957202
23288,-137.957202
23328,-50.749427
23388,-12.590129
23428,-12.590129
23444,-12.590129
23456,-14.922937
23492,-133.99028
23496,-12.952195
23548,-12.952195
23628,-12.952195
23744,-12.952195
23752,-12.952195
23756,-12.952195
23764,-64.581476
23780,-913.098346
23824,-125.233139
23936,-36.787195
23956,-82.215365
24044,-82.215365
24056,-33.271647
24156,-33.271647
24192,-33.271647
24244,-33.271647
24268,-87.909245
24380,-87.909245
24412,-52.854732
24464,-22.620621
24472,-22.620621
24492,-22.620621
24592,-29.656872
24648,-2.943741
24664,-2.943741
24688,-2.943741
24696,-12.251315
24816,-12.251315
24856,-12.251315
24972,-12.251315
24976,-12.251315
25012,-12.251315
25092,-12.251315
25108,-12.251315
25128,-12.251315
25340,-12.251315
25348,-12.251315
25420,-12.251315
25516,-94.129972
25804,-94.129972
25844,-96.999064
25876,-96.999064
25972,-96.999064
25984,-35.718171
26024,-5.873176
26132,-27.363795
26188,-27.363795
26348,-27.363795
26752,-171.832073
27024,-171.832073
27036,-932.601226
27152,-32.351929
27240,-13.341084
27612,-110.299121
27780,-1030.563971
27820,-1030.563971
28024,-50.719398
28056,-1014.24483
28168,-22.463978
28256,-23.041442
28408,-23.041442
28428,-78.849572
28580,-78.849572
28644,-78.849572
28692,-78.849572
28844,-78.849572
28968,-78.849572
29092,-78.849572
29108,-78.849572
29192,-78.849572
29340,-78.849572
29700,-78.849572
29876,-78.849572
30140,-78.849572
30752,-948.342215
30884,-59.344799
31168,-13.945785
31612,-927.330486
32256,-977.692235
32428,-940.858282
32556,-73.745133
32872,-77.49438
32944,-17.594486
33092,-17.594486
33192,-17.594486
33244,-98.459506
33340,-98.459506
33376,-98.459506
33396,-31.638902
33584,-31.638902
33704,-57.349156
33752,-57.349156
33932,-57.397161
34140,-57.397161
34400,-57.397161
34464,-57.397161
34556,-57.397161
34644,-57.397161
34680,-57.397161
34724,-57.397161
35136,-57.397161
35168,-991.420379
35200,-991.420379
35244,-310.23934
35276,-45.101241
35336,-45.101241
35484,-45.101241
35492,-68.124441
35556,-68.124441
35612,-1004.50725
35664,-1004.50725
35924,8.762079
36024,8.762079
36032,-143.392408
36104,-13.644327
36200,0.205975
36292,0.205975
36360,0.205975
36388,-9.566195
36432,-78.558811
36556,-992.426142
36560,-992.426142
36616,-36.483861
36628,-36.483861
36744,-17.268771
36964,-104.491884
37092,-104.491884
37176,-104.491884
37208,-67.610116
37276,-67.610116
37372,-67.610116
37472,-12.851967
37488,-12.851967
37524,-12.851967
37620,-12.851967
37696,-12.851967
37752,-12.851967
37780,-84.633291
37824,-5.733804
37852,-5.733804
38052,-5.733804
38060,-5.733804
38068,-5.733804
38112,-67.825484
38144,-67.825484
38392,-30.22518
38824,-69.359147
39276,-960.867126
39500,-54.712603
39616,15.16408
39664,15.16408
39708,15.16408
39748,15.16408
39804,-33.784687
39952,-33.784687
40024,-59.171504
40068,-7.484329
40200,-38.448457
40276,-22.595563
40388,-943.661098
40500,-52.097373
40600,-22.737166
40684,-31.394879
40696,-75.193721
40744,-951.097355
40860,-54.049799
40880,-35.790958
41144,-82.299731
41204,-79.66066
41212,-83.083885
41332,-27.869575
41408,-16.621662
41500,-39.313566
41544,-68.555535
41556,-78.477437
41836,-97.195282
42052,-97.195282
42060,-97.195282
42064,-76.845392
42140,-76.845392
42144,-76.845392
42148,-76.845392
42188,-131.772739
42220,-32.439189
42276,-107.693328
42324,-107.693328
42344,-107.693328
42416,-107.693328
42420,-12.120755
42480,-12.120755
42496,-82.981947
42552,-35.720089
42624,-35.720089
42744,-35.720089
42748,-35.720089
42760,-35.720089
42824,-956.890507
42828,-956.890507
42852,-172.293741
42868,-172.293741
42880,-172.293741
42940,-19.747054
42960,-132.290063
42964,-103.777272
43036,-32.114697
43048,-32.114697
43168,-41.146793
43232,-41.146793
43252,-41.494018
43264,-68.98815
43356,-68.98815
43360,-42.122701
43364,-115.067274
43396,-53.532386
43464,-53.532386
43492,-36.240714
43528,-36.240714
43600,-36.240714
43640,-26.932982
43676,-26.932982
43800,-7.709021
43812,-7.709021
43884,-7.709021
43936,-7.709021
43952,-7.709021
43988,-121.071887
44240,-121.071887
44392,-90.109619
44584,-14.341626
44764,-29.996283
44800,-29.996283
44924,-29.996283
44932,-25.79639
45024,-25.861343
45088,-25.861343
45344,-67.76719
45400,-18.525891
45440,-10.997015
45584,-10.997015
45640,-36.840987
45792,-36.840987
46244,-36.840987
46688,-240.472993
46748,-240.472993
47168,-916.144262
47248,-10.614597
47308,-189.139958
47344,-19.836646
47396,-918.49003
47588,-68.180852
47672,-30.872564
47776,-68.937193
47800,-835.873599
47812,-51.675565
47936,-51.675565
47948,-17.684053
47952,-17.684053
48032,-17.684053
48228,-17.684053
48260,-95.94175
48292,-95.94175
48352,-163.314574
48408,-163.314574
48476,-76.751111
48512,-76.751111
48516,-185.517333
48712,-119.865501
48800,-119.865501
48852,-26.243101
48884,-65.854995
48896,-65.854995
49068,-65.854995
49176,-65.854995
49520,-65.854995
49608,-65.854995
49684,-65.854995
49760,-65.854995
49768,-65.854995
49808,-65.854995
49892,-65.854995
50124,-65.854995
50128,-65.854995
50244,-65.854995
50256,-65.854995
50424,-65.854995
50496,-65.854995
50624,-65.854995
50632,-65.854995
50720,-65.854995
50728,-65.854995
50748,-65.854995
50836,-65.854995
50992,-65.854995
51216,-65.854995
51628,-65.854995
51776,-910.178901
51820,-910.178901
51860,-910.178901
51904,-29.347544
52072,-29.347544
52144,-42.856931
52288,-42.856931
52460,-42.856931
52476,-828.868257
52716,-828.868257
52852,-840.508665
52872,-840.508665
52876,-153.296311
52884,-872.110017
53100,-68.082365
53224,-39.600712
53236,-66.858017
53484,-41.607781
53496,-66.547685
53640,8.151995
53728,-132.299912
53800,-117.258953
54052,-106.484886
54116,-20.964429
54240,-153.774543
54428,-36.180138
54476,-212.261165
54600,-11.549612
54632,-11.549612
54696,-20.310703
54700,-20.310703
54720,-20.310703
54748,-20.310703
54800,-117.675852
54816,-84.673296
54892,-84.673296
54924,-84.673296
54944,-59.7085
54960,-51.889565
54964,-51.889565
55012,-45.687374
55020,-45.687374
55092,-45.687374
55140,-45.687374
55176,-25.108337
55256,-25.108337
55276,2.420553
55404,-15.64645
55476,-23.754599
55556,-30.349841
55560,-30.349841
55584,-21.459532
55640,-10.179982
55660,-163.496645
55688,-2.303344
55692,-2.303344
55764,-15.642221
55820,-45.674672
55880,-45.674672
55896,-21.506796
56016,-21.506796
56040,-91.053115
56144,-863.776112
56176,-118.690294
56192,-118.690294
56288,-17.548547
56300,-17.548547
56320,-74.973139
56368,-59.293142
56388,-59.293142
56520,-37.184686
56528,-81.54966
56592,-27.562649
56616,-34.804106
56624,-34.804106
56732,-53.892968
56852,-76.335405
56872,-76.335405
57004,-136.023656
57028,-136.023656
57224,-45.992069
57252,-45.992069
57280,-29.586298
57420,-29.586298
57424,-27.640785
57512,-150.057213
57580,-2.844946
57596,-22.183245
57620,-22.183245
57632,-4.658394
57776,-26.222172
57860,-26.222172
57880,-26.222172
57884,-46.590486
58100,-46.590486
58268,-46.590486
58588,-46.590486
58676,-46.590486
58772,-46.590486
58912,-46.590486
58924,-46.590486
59008,-46.590486
59020,-46.590486
59028,-46.590486
59316,-46.590486
59408,-46.590486
59520,-46.590486
59596,-46.590486
59864,-46.590486
59896,-866.594677
59944,-866.594677
60016,-18.08296
60224,-18.08296
60312,-18.08296
60376,-18.08296
60404,-76.539999
60416,-76.539999
60600,-76.539999
60616,-40.901591
60668,-40.901591
60696,-40.901591
60732,-890.098791
60780,-16.248577
60888,-45.082068
60892,-43.030155
60920,-43.030155
61004,-43.030155
61032,-43.030155
61076,-5.753166
61080,-5.753166
61280,-5.753166
61312,-5.753166
61368,-116.032352
61396,-116.032352
61664,-81.395745
61776,-868.554394
61820,-868.554394
61840,-37.172658
61860,-37.172658
61876,-4.470224
61884,-858.354757
61916,-25.71188
61948,-25.71188
62004,-26.284319
62056,-26.399177
62068,-26.399177
62156,-26.399177
62188,-26.399177
62216,-21.490673
62240,-21.490673
62356,-21.490673
62380,-82.89379
62400,-82.89379
62452,-13.814003
62520,-13.814003
62524,-36.693442
62592,-133.056719
62616,-28.596851
62712,-12.400301
62828,-29.851383
62960,-19.120992
63000,-19.120992
63032,-26.885139
63044,-47.405468
63084,-47.405468
63132,-25.526965
63200,-2.542301
63336,-15.78025
63452,-15.78025
63524,-15.78025
63588,-15.78025
63800,-15.78025
64024,-15.78025
64164,-15.78025
64232,-15.78025
64288,-15.78025
64404,-15.78025
64576,-15.78025
64640,-15.78025
64692,-15.78025
64696,-15.78025
64876,-15.78025
64940,-15.78025
65076,-907.485197
65120,-907.485197
65508,-113.373792
65808,-113.373792
65884,-44.489089
66004,-44.489089
66176,-44.489089
66276,-92.92098
66360,-92.92098
66444,-92.92098
66452,-864.937367
66580,-864.937367
66648,-20.441608
66688,-20.441608
66868,-20.441608
66932,-134.768628
67036,-134.768628
67068,-1.970738
67132,-794.459776
67204,-5.869885
67336,-784.613479
67512,-50.787659
67688,-17.584409
67860,-181.373122
68280,-158.028234
68552,-74.484457
68876,-74.484457
68940,-74.484457
69232,-74.484457
69296,-193.797342
69300,-193.797342
69456,-193.797342
69644,-5.669982
70328,-5.669982
70580,-5.669982
70588,-5.669982
70648,-820.689639
70664,-820.689639
70848,-820.689639
70976,-72.310475
70988,-72.310475
71008,-72.310475
71120,-72.310475
71148,-56.017157
71204,-742.076807
71248,-26.958324
71296,-26.958324
71356,-28.539959
71648,-56.032292
71688,-56.032292
71860,-852.112637
71908,-852.112637
71932,-17.94158
71992,-129.704214
72536,-96.205704
72692,-96.205704
72876,-96.205704
72920,-96.205704
72964,-96.205704
72988,-175.399536
72996,-87.261468
73136,-87.261468
73172,-87.261468
73332,-87.913799
73448,-87.913799
73456,-87.913799
73616,-87.913799
73644,-831.150346
73700,-2.884724
73732,-2.884724
73772,-41.742461
73824,-10.567094
73872,-10.567094
73988,-10.567094
73996,-6.014654
74276,-79.636931
74364,-79.636931
74384,-198.314314
74440,-39.278205
74532,-23.090232
74664,-23.090232
74796,-23.090232
74856,-71.083112
75008,-71.083112
75340,-98.001695
75604,-175.273163
75684,-175.273163
75776,-115.164116
75860,-24.377145
75992,-824.805113
76068,-113.847549
76220,-58.620809
76272,-4.551964
76512,-83.372191
76580,-5.75184
76668,-52.286253
76740,-51.474136
76904,-86.177463
76928,-40.338486
76996,-759.184638
77040,-16.170637
77316,-70.25419
77440,-116.294414
77616,-116.294414
77680,-108.791506
77732,-108.791506
77768,-13.359649
77832,-5.285972
77900,-62.994578
77968,-23.739306
78084,-32.712401
78192,-55.482242
78208,-20.962186
78276,-24.955144
78296,-24.955144
78320,-45.387999
78356,-45.387999
78476,-144.198116
78668,-144.198116
78712,-148.492217
78796,-148.492217
78832,-148.492217
78860,-69.620666
78864,-130.07868
78972,-5.089252
78980,-28.632093
79072,-19.18786
79272,-31.606562
79444,-9.390973
79612,-125.723886
79684,-125.723886
79732,-24.860896
79740,-49.273504
79932,-49.273504
79992,-807.478484
80064,-807.478484
80080,-73.090885
80268,-73.090885
80284,-13.551612
80344,-9.785716
80476,-9.785716
80500,-29.15259
80680,-29.15259
80748,-79.632666
80900,-28.69639
81128,-63.414121
81360,-23.542116
81732,-23.542116
81856,-129.539475
81872,-129.539475
81884,-129.539475
81944,-129.539475
82008,-129.539475
82712,-788.641761
82796,-788.641761
82832,-788.641761
82852,-210.743712
82912,3.481561
82992,-61.241316
83072,-30.73966
83160,-45.035472
83300,-61.63413
83472,-29.159388
83696,5.033536
83740,-740.291418
83820,-36.721819
83912,-45.351658
83992,-751.871298
84028,-21.29664
84068,-27.258027
84116,-80.509964
84208,-29.305439
84248,-12.607446
84484,-48.916765
84516,-152.505976
84556,-26.212771
84696,-27.842434
84740,-2.562539
84888,-15.58561
84936,-25.400631
85024,-17.263767
85128,-14.091347
85172,-232.150098
85204,-14.697394
85276,-79.369019
85332,-60.778678
85684,-117.926279
85944,-117.926279
86008,-117.926279
86036,-117.926279
86096,-117.926279
86252,-117.926279
86292,-74.955137
86356,-74.955137
86536,-176.895183
86644,-176.895183
86708,-48.659777
86796,-48.659777
86832,-48.659777
86868,-51.762999
86888,-51.762999
86972,-23.615268
86984,-23.615268
87004,-23.615268
87060,-23.615268
87068,4.793462
87204,4.793462
87292,-82.534065
87300,-749.184219
87372,-749.184219
87396,-749.184219
87444,-46.017354
87520,-21.160804
87544,-21.160804
87668,-21.160804
88112,-21.160804
88304,-21.160804
89124,-21.160804
89332,-849.913376
89392,-10.943114
89528,-66.725587
90008,-66.725587
90084,-101.522575
90256,-38.847846
90292,-712.913753
90400,-32.754282
90436,-55.485073
90552,-55.485073
90684,-55.485073
90736,-36.110502
90892,-36.110502
91444,-749.276849
91520,-716.063004
91544,-716.063004
91736,-716.063004
91952,8.388535
91956,-99.470683
92060,-99.470683
92068,-36.334072
92112,-36.334072
92140,-36.334072
92232,-26.022632
92296,-26.022632
92488,-81.905345
92548,-8.158897
92640,-17.000438
92684,-8.194553
92848,-27.811971
92984,-27.811971
92988,-27.811971
93036,-31.89055
93108,-31.89055
93124,-31.89055
93172,-31.89055
93232,-131.06313
93416,-131.06313
93464,-131.06313
93528,-96.2874
93536,-96.2874
93832,-96.2874
93996,-124.416367
94056,-17.104839
94352,-66.596853
94436,-690.028004
94600,-5.599306
94668,-17.9539
94736,-816.140231
94896,-22.716045
94992,-88.17862
95180,-56.539343
95588,-88.086028
95604,-155.446278
95860,-79.763775
95936,-55.251173
96104,-14.767428
96112,-14.767428
96188,-15.526974
96396,-51.078149
96424,-51.078149
96696,-21.063293
96700,-21.063293
96824,-47.95342
96884,-31.09866
96948,-31.09866
97008,-46.399868
97172,-164.552695
97336,-164.552695
97388,-7.578962
97464,-7.578962
97528,-704.110951
97608,-704.110951
97628,-704.110951
97664,-21.035365
97756,-21.035365
97832,-21.035365
97868,-53.321877
97940,-53.321877
98152,-53.321877
98196,-53.321877
98308,-53.321877
98352,-719.797188
98532,-71.929653
98608,8.663144
99080,-75.589187
99188,-36.251118
99464,-58.753446
100220,-148.852942
100480,-89.421085
100576,-30.015571
100712,-3.674262
100948,-3.674262
101008,-697.399522
101032,-115.789408
101044,-115.789408
101176,-37.670719
101268,-44.131892
101308,-44.131892
101388,-702.793624
101464,-702.793624
101484,-21.34079
101548,-45.43731
101640,-45.43731
101652,-11.522896
101704,-38.012262
101720,-20.535809
101756,-20.535809
101864,-0.535901
101868,-668.317393
102004,-668.317393
102020,-20.505586
102080,-14.182684
102196,-14.182684
102228,-10.525534
102308,-10.525534
102420,-209.27196
102428,-209.27196
102576,-209.27196
102676,-209.27196
102716,-111.874622
102720,-111.874622
102788,-79.917644
103072,-111.436583
103100,-43.734525
103172,-83.920865
103176,-83.920865
103324,-83.920865
103360,-18.106289
103468,-18.106289
103512,-11.761902
103680,-11.761902
104228,-114.44404
104704,-88.962806
104924,-28.15661
105520,-97.675728
105720,-704.862521
105728,-31.664689
105780,-0.80854
105856,-24.007168
105876,-8.371901
105940,-5.951243
106004,-5.951243
106196,-5.951243
106324,-5.951243
106636,-5.951243
106648,-5.951243
106852,-5.951243
106944,-5.951243
107072,-663.487337
107124,-10.034394
107172,-729.006159
107264,-292.629811
107408,-5.989113
107416,-34.748353
107428,-38.992582
107468,-38.992582
107496,-17.982484
107548,-9.544268
107576,-46.053509
107616,-70.701386
107680,-70.701386
107740,-20.808915
108092,-20.808915
108488,-20.808915
108788,-138.572554
108984,-138.572554
109148,-23.955673
109220,-10.33748
109292,-21.78376
109420,-34.272687
109548,-33.323307
109876,-678.398108
109952,-8.597003
110084,-14.398341
110128,-51.605335
110424,-112.329029
110468,-14.432433
110520,-32.186359
110636,-32.186359
110648,-34.754597
110740,-1.261533
110748,-1.261533
110768,-64.948012
110820,-64.948012
110944,-64.948012
111060,-54.149742
111244,-51.123343
111356,-51.123343
111368,-3.355052
111380,-25.068059
111456,-22.264976
111468,-22.264976
111520,-22.264976
111548,-613.867959
111608,-15.749293
111740,-566.005008
111832,-61.153501
111872,-34.666775
111928,-39.746297
111976,-35.964594
112008,-36.942405
112088,-20.03427
112132,-8.306338
112188,-8.306338
112280,-8.306338
112296,-22.756857
112300,-64.253738
112320,-81.514912
112412,2.645465
112476,2.645465
112500,-33.437234
112508,-25.198553
112540,-25.198553
112708,-43.767512
112732,-43.767512
112848,-75.400688
112984,-75.400688
113044,-43.108004
113056,-43.108004
113080,-43.108004
113108,-7.83872
113164,-141.140834
113204,-141.140834
113276,-29.34131
113360,-38.528913
113632,-31.443683
113872,-31.443683
113932,-31.443683
114012,-29.19985
114040,-29.19985
114148,-29.19985
114260,-29.19985
114284,-29.19985
114484,-29.19985
114664,-53.478669
114900,-53.478669
114932,-44.678636
114944,-44.678636
115100,-66.844819
115112,-66.844819
115184,-66.844819
115280,-66.844819
115356,-66.844819
115368,-66.844819
115404,-67.230399
115520,-67.230399
115548,-67.230399
115656,-67.230399
115720,-67.230399
115776,-67.230399
115780,-67.230399
115820,-68.882143
115860,-68.882143
115872,-68.882143
116012,-68.882143
116080,-68.882143
116196,-68.882143
116364,-68.882143
116404,-68.882143
116412,-640.325004
116516,-2.465285
116668,-72.575137
116708,-606.74536
116740,-40.453643
116756,-40.453643
116824,-41.137791
116960,-30.503401
117008,-76.799504
117128,-51.030262
117168,1.567052
117268,-96.13986
117276,-619.862228
117308,-30.946008
117328,-17.728897
117392,1.193532
117476,1.193532
117480,-55.928584
117532,-2.204358
117584,-51.799372
117776,-27.38146
118260,-49.957025
118376,-18.884736
118584,-224.110889
118628,-54.846123
118724,0.853278
118876,-36.762669
119332,-23.942979
119588,-54.296562
119776,-54.296562
119808,-35.820543
119864,-35.820543
119880,-7.904491
119944,-15.616626
120148,-15.616626
120364,-15.616626
120756,-15.616626
121164,-15.616626
121392,-554.907515
121532,-554.907515
121584,-632.000523
121716,-21.523161
121724,-38.955905
122012,-35.304514
122088,-5.201541
122160,-5.201541
122180,-89.971897
122272,-10.414173
122284,-28.627073
122400,-17.57689
122588,-41.397343
122660,-72.918964
122724,-590.246869
122872,-44.106051
122964,-63.123664
123240,-41.264927
123268,-21.542564
123304,-58.765172
123436,-33.786822
123524,-28.275994
123604,-16.980807
123696,-85.101672
123716,-37.741571
123792,-10.71596
123852,-48.090932
123884,-1.85844
123924,-17.428533
123944,-612.84916
123984,-13.774184
124064,-18.970535
124140,4.801839
124148,4.801839
124248,-27.363232
124284,-54.202484
124340,-29.974763
124364,-29.974763
124416,-29.974763
124424,-3.160086
124440,-66.338293
124448,-40.896325
124560,-13.254084
124612,-23.211729
124664,-23.211729
124688,-13.573325
124912,-13.573325
124980,-13.573325
124992,-31.245005
125096,-87.131146
125100,-98.038628
125164,-19.36132
125228,-13.328857
125296,-50.731674
125324,-50.731674
125340,-20.561877
125640,-20.561877
125688,-20.561877
125704,-42.26583
125772,-42.26583
125836,-58.910233
125908,-82.822141
125972,-82.822141
126000,-82.822141
126024,-82.822141
126060,-48.707476
126076,-1.316363
126160,-1.316363
126212,-6.849927
126360,-6.849927
126364,-71.143685
126400,-109.916235
126636,-52.282857
126740,-52.282857
126792,-60.061256
126808,-3.773694
126948,-37.222064
126992,-59.987092
127064,-14.315688
127124,-72.12053
127204,-34.092054
127388,-45.511108
127396,-7.856985
127972,-77.028629
128084,-4.532192
128100,-112.154648
128236,-12.890664
128300,-65.231409
128320,-65.231409
128340,-595.79642
128344,-14.025948
128428,-14.025948
128492,-34.734621
128584,-34.734621
128628,-19.062973
128736,-9.800743
128740,-9.800743
128880,-41.497767
129204,-56.254987
129240,-93.477615
129248,-7.76882
129324,-7.904797
129428,-10.786744
129436,-10.786744
129516,-13.521151
129536,-59.955585
129616,-59.955585
129708,-59.955585
129764,-33.919951
129776,-53.900522
129824,-53.900522
129852,-4.381391
129936,-4.381391
129972,-4.381391
129992,-11.657352
130000,-11.657352
130020,-11.657352
130156,-71.35784
130160,-71.35784
130184,-71.35784
130340,-71.35784
130348,-71.35784
130384,-36.121684
130468,-36.121684
130472,-36.121684
130628,-36.121684
130640,-71.745223
130668,-71.745223
130716,-53.996185
130832,-53.996185
130960,-53.996185
131064,-594.425696
131104,-594.425696
131148,-21.025813
131236,-21.025813
131300,10.046877
131340,10.046877
131392,10.046877
131408,10.046877
131528,-78.69033
131540,-78.69033
131568,-26.814517
131708,-26.814517
131744,-26.814517
131772,-51.696674
131780,-51.696674
132016,-51.696674
132060,-51.696674
132184,-51.696674
132340,-594.010046
132380,-594.010046
132396,-9.523674
132480,-9.523674
132488,-78.230366
132504,-78.230366
132604,-78.230366
132608,-78.230366
132652,-144.762399
132828,-18.020762
132872,-18.020762
132944,-18.020762
132972,-31.078157
133128,-31.078157
133280,-31.078157
133332,-31.078157
133440,-104.815781
133844,-104.815781
133956,-102.038329
134048,-102.038329
134160,-31.956602
134232,3.342919
134544,-30.24637
134640,-590.359041
134680,-15.295571
135236,-15.295571
135256,-79.108518
135788,-79.108518
136060,-79.108518
136276,-79.108518
136396,-543.714512
136804,-543.714512
136948,-543.714512
136972,-549.41039
137128,-30.700903
137136,-59.987969
137184,-14.73509
137280,-14.73509
137360,-14.73509
137440,-14.73509
137456,-14.73509
137460,-39.949152
137632,-45.896784
137692,-45.896784
137708,-3.187541
138016,-3.187541
138048,-3.187541
138148,-3.187541
138208,-3.187541
138264,-3.187541
138308,-3.187541
138632,-3.187541
138680,-586.515771
138888,-586.515771
138944,-586.515771
139012,-13.578771
139056,-13.578771
139068,-6.818936
139200,-6.818936
139256,-590.061616
139272,-590.061616
139584,-590.061616
139684,-61.323303
139708,-61.323303
139788,-61.323303
139868,-6.119116
140248,-51.353713
140620,-51.353713
141108,-51.353713
141140,-145.064267
141400,-24.68683
141460,-570.903355
141612,-18.668391
141636,-2.430281
141708,-572.477016
141712,-13.071344
141820,-6.197413
141920,5.647502
141960,5.647502
142060,-22.046676
142212,-10.884748
142220,-85.934301
142300,-73.160616
142364,-73.160616
142424,-28.692533
142472,-32.021441
142536,-42.773791
142556,2.49739
142632,2.49739
142716,-20.514399
142788,0.658821
142844,1.701346
143044,-42.621536
143068,-490.141647
143160,-77.692057
143260,-32.241847
143384,-19.710744
143416,-14.006176
143628,-22.70287
143684,-54.721332
143692,-19.539971
143788,-19.539971
143868,-19.539971
143916,-19.539971
143940,-59.206073
144000,-59.206073
144036,-116.284742
144108,-102.631304
144156,-102.631304
144180,-46.639583
144352,-46.639583
144380,-67.270632
144392,-31.763656
144472,-10.053964
144576,3.642651
144860,-38.080592
145020,-38.080592
145048,-65.642981
145212,3.200533
145412,-0.215161
145500,-0.215161
145572,-112.408539
145604,-13.977803
145672,-13.977803
145680,-27.614154
145832,-27.614154
145996,-46.193768
146316,-46.193768
146364,-46.193768
146376,-46.193768
146588,-46.193768
146632,-46.193768
146644,-46.193768
146816,-46.193768
146860,-46.193768
147044,-379.685553
147064,-379.685553
147152,-379.685553
147176,-33.286279
147380,-33.286279
147592,-33.286279
147672,-33.286279
147796,-33.286279
147896,-33.286279
147916,-33.286279
148124,-33.286279
148192,-33.286279
148352,-33.286279
148804,-33.286279
148884,-33.286279
149020,-33.286279
149212,-465.575515
149216,-465.575515
149220,-465.575515
149540,-465.575515
149604,-545.312332
149964,-28.674548
149996,-482.365466
150028,-114.977985
150044,-114.977985
150112,-29.236949
150240,-28.326066
150372,-28.326066
150508,-66.566521
150552,-29.147765
150612,-14.558161
150692,-14.558161
150712,-21.49773
150824,15.501775
151020,15.501775
151036,-16.728215
151084,0.948577
151176,-485.313537
151208,5.768613
151424,-12.309198
151584,1.441361
151588,-66.415627
151780,-3.092361
151896,-3.092361
151920,41.432135
151932,-6.706559
152024,-20.980497
152124,-20.980497
152208,-62.199918
152304,14.743213
152368,14.743213
152400,-25.374852
152452,-25.374852
152496,-26.764544
152508,-26.764544
152540,-26.764544
152620,-26.764544
152628,-10.241482
152712,-5.848403
152836,-2.905134
152848,-26.568769
152920,-26.568769
153104,-26.568769
153216,-26.568769
153300,-104.593703
153484,-81.259153
153552,-81.259153
153588,-81.259153
153612,-5.659023
153840,-5.659023
153892,-5.659023
153968,-80.408255
154084,-80.408255
154240,-486.476786
154336,-31.053506
154384,-31.053506
154420,-13.764357
154508,-10.291375
154576,-35.985682
154592,1.280733
154636,-4.997665
154640,-4.049442
154760,5.387769
154788,-10.132782
154820,-11.206515
154872,9.08596
154900,-30.651608
155020,-30.651608
155028,-13.415012
155320,-12.759934
155356,-83.118889
155412,-83.118889
155544,-23.183375
155760,-23.183375
156004,-99.237987
156232,-35.78622
156308,0.528398
156328,-11.951946
156392,-8.530821
156412,2.520687
156628,-5.235071
156904,-13.599072
157036,-22.655495
157196,-11.092139
157596,-58.694168
157612,-457.935079
157892,-457.935079
157980,-457.935079
158084,-457.935079
158132,-62.020522
158228,-62.020522
158316,-43.349153
158320,-123.779877
158384,-123.779877
158436,-40.471812
158540,-40.471812
158564,-40.471812
158584,-38.701969
158620,-29.133192
158780,-2.195174
158980,0.803118
159040,0.803118
159092,-90.805328
159112,-55.06561
159124,-55.06561
159516,-36.907214
159544,-464.98749
159564,-464.98749
159632,-12.106266
159760,-12.106266
159836,-28.111642
160076,-20.832388
160308,6.796581
160332,6.796581
160392,-83.017193
160456,-83.017193
160660,-17.958377
160668,-17.958377
160808,-41.937484
160928,-108.567283
160952,-11.555552
161024,-4.780201
161108,-4.780201
161156,-25.908883
161540,-26.317414
162088,-21.041871
162228,-21.041871
162240,-12.559928
162316,-5.672163
162616,-21.712746
162896,-42.381806
162908,-42.381806
162980,-42.381806
163052,-25.941201
163112,-372.192477
163156,-372.192477
163208,1.04524
163232,-15.800208
163352,-25.959416
163488,-14.143369
163548,-14.143369
163564,-14.143369
163568,1.647924
163704,-60.049775
163752,-60.049775
163836,-60.049775
163840,-9.100963
163948,-21.116228
164004,-21.116228
164072,-58.821612
164076,-58.821612
164208,2.918821
164300,-36.591099
164308,-358.320274
164336,-6.319276
164448,-16.954687
164564,-16.954687
164588,-21.260085
164888,-40.319309
165024,-410.82296
165080,-81.963826
165108,-81.963826
165144,-81.963826
165172,-15.763955
165496,-102.273065
165836,-29.158329
166300,-87.190788
166396,-2.028867
166508,-2.028867
166680,1.303792
166840,2.809026
167156,2.809026
167228,2.809026
167556,2.809026
167904,2.809026
168564,2.809026
168588,-455.138581
168632,-455.138581
168796,-1.421692
168860,-1.421692
168912,-1.421692
169080,-396.848205
169084,-25.367228
169108,-25.367228
169292,-25.367228
169332,-38.708601
169404,-28.289175
169496,-432.50905
169708,-39.714529
169932,-11.654312
169948,-11.654312
170124,-11.654312
170240,-100.044803
170340,-100.044803
170412,-100.044803
170432,-100.044803
170524,12.250346
170840,-309.738533
170856,-125.258581
171072,-4.410584
171112,-12.398186
171156,-12.398186
171228,-32.725807
171232,-16.467076
171264,-16.467076
171412,-24.273041
171484,-5.183185
171512,-5.183185
171552,-53.090576
171632,-2.668245
171672,-2.668245
171688,-9.211192
171736,-16.490443
171832,-5.486126
172092,-61.956116
172220,-61.956116
172524,-61.956116
172548,-47.097115
172644,-47.097115
172668,7.513446
172712,-79.869049
172796,-79.869049
172800,7.258046
172976,-40.777438
172980,17.747464
173196,-10.665492
173340,4.551463
173356,4.551463
173428,4.551463
173444,-21.759061
173496,-365.057888
173536,-26.65039
173696,8.377324
173712,8.377324
173864,8.377324
173880,8.377324
174012,-78.201706
174048,-78.201706
174108,-78.201706
174168,-78.201706
174372,-55.015517
174380,-55.015517
174384,-55.015517
174424,-7.440713
174432,-7.440713
174524,-442.175323
174556,-442.175323
174612,-42.836077
174636,-69.404268
174736,-10.642098
174740,-10.642098
174820,-46.936403
175152,-39.417409
175156,-39.417409
175208,14.995053
175244,-8.049664
175276,-8.049664
175372,-43.099942
175428,-43.099942
175492,-26.250762
175604,-1.812282
175864,-27.367446
175908,-27.367446
175992,-20.887329
176088,-26.124361
176140,-21.49038
176156,-21.49038
176372,-28.715816
176684,-30.612609
176740,-30.612609
176872,20.790544
176936,-24.643596
176992,-2.191269
177336,9.465489
177340,-392.588339
177484,5.299675
177740,-7.903227
177824,-23.314114
177940,-0.895412
178036,8.255964
178116,0.154186
178332,-158.459698
178408,-25.353299
178432,-25.353299
178460,-7.31248
178640,-7.31248
178728,-30.284662
178992,-3.3009
179156,-3.3009
179192,-21.640026
179208,-96.754549
179300,-96.754549
179404,-96.754549
179484,-23.056683
179492,-377.596424
179528,-63.170594
179588,-11.827266
179856,-5.389498
179948,-27.245523
179952,-22.194034
180056,-22.319099
180156,-22.319099
180252,-22.319099
180420,-18.694813
180468,1.017501
180740,1.017501
180896,-35.8865
180992,-384.848585
181032,-40.419531
181128,-19.421668
181224,-16.259718
181276,-131.49933
181292,-94.380671
181316,-22.668431
181416,-27.028596
181644,-21.742819
181648,-36.861151
181732,-28.200159
181836,-21.333057
181940,-6.338468
182016,-1.095012
182148,-1.169734
182396,-61.246895
182428,-20.258812
182640,-20.258812
182844,-20.258812
182860,-59.502694
182936,1.903833
183076,-3.194042
183112,-3.194042
183136,-9.325277
183272,-9.325277
183372,39.566177
183404,39.566177
183588,-29.393627
183600,-29.393627
183664,-29.393627
183796,-29.393627
183896,-10.918531
183956,-3.098268
184152,-3.098268
184160,0.08538
184252,0.08538
184332,-4.579211
184352,-4.579211
184448,-4.579211
184488,12.096847
184740,12.096847
185224,-351.757646
185316,-417.320763
185844,-16.457868
185868,-16.457868
185956,-34.73696
186372,-28.714955
186608,-28.414026
186784,-29.108706
187264,14.557792
187372,-304.217805
187404,-304.217805
187548,-30.070324
187800,-14.835519
187900,-19.636819
188336,-71.553295
188352,-71.553295
188448,-71.553295
188488,-295.274881
188508,34.30709
188540,-129.781747
188556,-129.781747
188696,-129.781747
188768,-129.781747
188796,34.630584
189060,34.630584
189080,22.916547
189144,-50.358312
189172,-50.358312
189232,24.199272
189332,9.672693
189456,-30.878054
189536,27.748332
189616,27.748332
189636,-15.296461
189708,-8.501791
189788,-8.501791
189868,-8.501791
189952,-6.835374
189956,-331.340194
190052,9.202122
190092,9.202122
190348,-22.266474
190428,-15.901671
190636,-15.901671
190676,-52.857415
190752,-2.282399
190884,1.049611
191224,-5.619489
191404,-5.619489
191436,-25.070381
191460,-70.422526
191528,-11.956666
191592,-20.327753
191776,-20.327753
191780,-7.878402
192364,-47.133994
192376,-47.133994
192516,-9.419637
192696,-9.419637
192708,4.003852
192748,4.003852
192836,-13.44069
192948,-14.663352
192968,-1.67458
193012,-10.958536
193068,-7.339729
193132,15.105421
193196,15.105421
193432,5.911381
193636,-272.224794
193708,-265.430669
193788,-265.430669
193812,-1.042671
193860,-0.09342
193972,-18.843615
194156,-18.843615
194192,-18.843615
194204,-19.042688
194300,-53.937633
194320,-53.937633
194420,-14.615248
194616,-13.229423
194628,-13.229423
194636,-13.229423
195156,-101.491021
195256,-82.42526
195464,-82.42526
195532,-12.224967
195600,-12.224967
195640,-12.224967
195676,-23.543245
195852,-23.543245
195856,-17.210811
196016,-17.210811
196072,-17.210811
196376,-17.210811
196640,-17.210811
196956,-52.334266
196988,-52.334266
197092,-40.899893
197100,-40.899893
197132,-243.856884
197180,1.730404
197432,-270.24177
197540,-22.047807
197608,-22.047807
197656,-10.613148
197964,7.873357
198156,7.873357
198336,-65.973098
198444,-129.449181
198456,-23.598329
198576,0.149592
198824,0.149592
198932,-48.766143
198972,-45.018105
199000,9.831779
199172,10.938683
199272,-9.013078
199348,-11.782335
199396,-11.782335
199404,-11.782335
199532,-60.202302
199676,-254.491431
199892,26.126152
199932,26.126152
199984,8.549019
200068,8.549019
200072,8.549019
200156,-37.697761
200176,-37.697761
200228,-37.697761
200256,-16.252408
200272,-10.203014
200364,-10.203014
200468,-13.258962
200504,-13.258962
200520,-122.023772
200608,-122.023772
200636,-122.023772
200684,-122.023772
200844,-122.023772
200920,-122.023772
201176,-122.023772
201180,-207.612471
201192,-31.436745
201296,-31.436745
201400,-61.861789
201428,-61.861789
201464,-10.62176
201472,12.645686
201604,12.645686
201608,12.645686
201720,12.645686
201744,-38.122364
201764,-7.169253
201904,2.031504
201912,-33.881309
202008,0.211986
202136,-5.013323
202200,-3.024088
202372,19.258457
202376,19.258457
202420,19.258457
202504,-10.125542
202604,-10.125542
202620,13.526014
202632,1.221656
202788,1.221656
202948,1.221656
202992,1.221656
203180,1.221656
203200,-42.282285
203304,-42.282285
203312,-90.618766
203332,-90.618766
203444,-90.618766
203564,-90.618766
203608,-26.152123
203972,-26.152123
204032,-24.864086
204124,10.799279
204264,10.799279
204312,-19.007213
204328,-19.007213
204468,-254.484035
204640,-32.416015
204716,-8.752105
204796,-61.287528
204812,3.164175
204924,9.868451
204988,5.619943
205164,3.979375
205264,-38.955269
205400,-42.157624
205428,-42.157624
205464,-257.408915
205516,10.407212
205720,10.407212
205784,10.407212
205800,27.339263
205872,-23.459025
205916,-23.459025
206144,-23.459025
206464,-50.829266
206656,27.509789
206972,-27.740082
207304,-27.740082
208328,-27.740082
209040,-27.740082
209244,-27.740082
209428,-27.740082
209460,-27.740082
209464,-297.720128
209516,-250.267761
209620,-250.267761
209872,-7.641097
209880,-7.641097
210004,-7.585499
210032,-27.151424
210144,-27.151424
210296,-27.151424
210352,-1.674372
210400,-1.674372
210476,-1.674372
210532,-1.674372
210580,-1.674372
210608,-1.674372
210656,-201.405892
210736,-201.405892
210788,-201.405892
210844,15.057204
210884,23.342297
210892,0.157777
210920,0.157777
210972,-224.622135
211076,-224.622135
211132,-224.622135
211304,-224.622135
211348,-224.622135
211496,-6.499156
211508,-6.499156
211592,-6.499156
211652,-6.499156
211868,-6.499156
211948,-6.499156
212292,-6.499156
212380,-40.521665
212400,-40.521665
212436,-8.737725
212552,-8.737725
212684,-8.737725
212708,-45.29192
212716,-45.29192
212844,-45.29192
212896,0.000556
212984,0.000556
213004,0.000556
213180,0.000556
213336,0.000556
213848,0.000556
214004,-185.803279
214036,14.344499
214156,15.231167
214256,15.231167
214316,15.231167
214392,12.805195
214488,12.805195
214500,12.2082
214840,24.255375
214892,-237.664149
214972,-213.74226
215300,-20.191988
215312,7.764945
215372,-27.345236
215396,-27.345236
215496,-20.970904
215548,-55.738116
215640,-9.847219
215652,-9.847219
215700,3.478009
215948,3.478009
216060,3.478009
216064,3.478009
216284,-23.625979
216348,-15.794887
216368,-1.116164
216380,-1.116164
216408,-1.116164
216468,17.242849
216720,-1.648563
216732,-1.648563
217180,-1.648563
217356,39.923806
217448,39.923806
217496,-7.025101
217544,-153.557819
217848,-153.557819
217936,-153.557819
217940,6.429538
218040,6.429538
218364,6.429538
218412,6.429538
218624,6.429538
218644,-99.002944
218896,-99.002944
219052,-24.149744
219136,-2.913735
219280,7.065567
219300,-155.261973
219312,-135.990419
219484,7.056951
219516,18.719824
219644,-10.232176
219716,-10.232176
219720,18.524459
219772,18.524459
219820,14.478321
219876,14.478321
219880,-1.409268
220044,-1.409268
220384,-1.409268
220596,-1.409268
220648,-1.409268
220732,-1.409268
220948,-1.409268
221096,-1.409268
221108,-1.409268
221448,-1.409268
221572,-1.409268
221736,-1.409268
221940,-266.314368
222040,-266.314368
222104,-266.314368
222212,21.866738
222512,-47.532734
222920,-47.532734
223280,-210.40803
223348,-0.722114
223376,-53.512796
223408,-8.488171
223644,-154.249543
223652,-1.877085
223732,-31.804824
223880,-104.603198
223888,-9.267376
224016,-57.692785
224080,4.466861
224092,4.466861
224112,16.288158
224176,16.288158
224204,-12.611842
224400,-43.87541
224828,-10.236504
224980,-33.101738
225008,-33.101738
225096,-33.101738
225108,-33.101738
225232,-14.519465
225264,-14.519465
225280,-14.519465
225460,-14.519465
225468,-14.519465
225584,-14.519465
225672,-14.519465
225720,-24.113911
225808,-24.113911
225896,-24.113911
226040,-24.113911
226168,-24.113911
226368,-24.113911
226384,-88.010315
226700,-88.010315
226708,-88.010315
226820,-88.010315
227008,-35.163633
227064,-1.551669
227636,-1.551669
227816,-1.551669
227880,-183.017303
228280,0.669499
228400,-178.746006
228424,-178.746006
228436,-4.236286
228656,-22.376317
228736,-22.376317
228828,-157.582579
228992,-21.32003
229104,12.251499
229612,12.251499
229896,12.251499
230700,12.251499
231064,-137.65905
231280,31.535227
231772,-167.696743
231816,-167.696743
231892,-12.271547
232028,-12.271547
232300,-33.575412
232312,-42.831694
232556,-42.831694
232560,-10.78462
232612,-37.62537
232804,-37.62537
232828,-128.171478
233104,-124.260079
233200,-124.260079
233248,14.388924
233304,7.448718
233428,7.448718
233504,-20.033415
233612,-20.033415
233712,-60.685007
233716,-60.685007
233888,-20.342748
233896,-20.342748
233996,-20.342748
234072,-20.342748
234100,-20.342748
234128,-20.342748
234144,1.184595
234376,-14.266422
234968,-14.266422
235280,-14.266422
235484,-14.266422
236556,-14.266422
237104,-140.102586
237304,-96.644065
237516,-4.155196
237712,-156.535718
237760,-28.904186
237784,-28.904186
237844,-16.55668
237996,-16.55668
238088,-10.658556
238252,-2.656726
238288,-2.656726
238376,-127.821073
238380,-12.371085
238484,-36.919993
238492,1.904166
238816,-21.126589
238944,-11.110675
238968,-11.110675
239056,3.497614
239164,3.497614
239404,-45.683404
239484,-45.683404
239708,-115.848744
239744,-8.971844
239828,-8.971844
239912,-8.971844
240132,-8.971844
240160,-9.400195
240184,-9.400195
240232,-9.400195
240384,-9.400195
240500,-9.400195
240668,-4.086715
241000,21.447346
241088,-19.866165
241168,-19.866165
241208,-19.866165
241340,-19.866165
241784,-19.866165
242712,-19.866165
242808,-19.866165
242900,-19.866165
242944,-152.719532
243056,-75.767649
243152,4.850042
243204,4.850042
243220,4.850042
243324,-0.67321
243500,-0.67321
243620,17.529466
243636,17.529466
243692,17.529466
243708,-13.668939
243720,-13.668939
244184,-13.668939
244204,-13.668939
244208,-13.668939
244248,-13.668939
244372,-13.668939
244412,-13.668939
244508,-13.668939
244788,-13.668939
245088,-80.638907
245560,-80.638907
245596,-22.114645
246064,-22.114645
246460,32.472696
246512,32.472696
246544,32.472696
246552,8.000519
246808,8.000519
246836,8.000519
246940,8.000519
247028,25.001525
247056,-100.303012
247104,-100.303012
247160,4.096688
247256,4.096688
247432,4.096688
247620,-83.369329
247652,-83.369329
247708,-87.227921
247916,-87.227921
248164,-18.079869
248276,-18.079869
248376,-18.079869
248396,16.749435
248492,16.749435
248540,-10.35151
248672,-10.35151
248688,12.431751
248928,12.431751
249232,12.431751
249280,-7.701809
249468,-6.974796
249756,4.735514
249760,4.735514
249964,-7.424261
250120,1.593947
250232,1.593947
250748,1.593947
250808,1.593947
251048,1.593947
251052,1.593947
251056,-55.485555
251160,-66.796132
251356,14.66122
251636,14.66122
251948,-32.069314
252052,-32.069314
252216,-32.069314
252340,-32.069314
252688,10.188127
252976,-25.01597
253348,-35.966119
253468,-35.966119
253576,-62.649864
253804,-62.649864
253876,-62.649864
254120,31.239881
254548,18.651138
254600,9.186227
254792,9.186227
254808,9.186227
254884,9.186227
255160,-22.57229
255172,-22.57229
255212,-22.57229
255308,-22.57229
255372,12.740709
255480,12.740709
255656,-16.900573
255756,12.679791
255840,12.679791
255900,12.679791
255972,12.679791
256092,12.679791
256224,12.679791
256300,-15.025669
256340,-15.025669
256436,-15.025669
256448,-12.070778
256668,-12.070778
257056,-12.070778
257060,-20.870769
257172,-8.814814
257300,8.538343
257308,8.538343
257348,0.518172
257476,-3.160485
257616,-3.160485
257864,-7.41864
257888,-6.291924
257904,-6.291924
257940,-6.291924
257964,0.49572
258096,0.49572
258116,0.49572
258120,-15.017589
258328,-0.411639
258628,31.566064
258792,31.566064
258804,-37.882632
258840,-37.882632
258920,-37.882632
258976,-65.615553
258996,5.013036
259044,5.013036
259424,5.013036
259560,-55.093003
259648,-55.093003
259672,13.860511
259692,51.398145
259764,2.483849
259912,27.686629
259972,27.686629
260424,27.686629
260640,27.686629
260716,27.686629
261168,27.686629
261260,27.686629
261300,-56.835852
261788,12.863415
261844,-46.659396
261888,-43.412565
262068,-16.984489
262096,-16.984489
262108,-24.913403
262148,-24.913403
262512,4.14601
262536,4.14601
262624,45.149143
262884,45.149143
263012,19.367456
263140,19.367456
263524,19.367456
263764,33.17572
263924,-12.02928
263964,-12.02928
263972,-12.02928
264180,-12.02928
264224,-12.659472
264484,-32.570468
264640,-32.570468
264740,-32.570468
264812,-32.570468
264824,-21.177813
264864,-21.177813
265012,-21.177813
265056,-34.041779
265156,-0.490394
265260,-0.490394
265336,-0.490394
265444,13.69481
265488,13.69481
265612,-8.029042
265620,-8.029042
265764,-8.029042
266108,-42.687163
266160,-16.757279
266196,-16.757279
266232,-16.757279
266456,-16.757279
266584,-16.757279
266624,-28.91571
266732,-28.91571
266752,-15.040716
266916,-1.151641
267056,-1.151641
267380,-1.151641
267584,-1.151641
267724,-1.151641
267820,-1.151641
268208,-1.151641
269612,8.228188
269720,13.001816
269844,3.432481
270108,50.935094
270196,50.935094
270272,50.935094
270464,50.935094
270488,-1.852753
270608,-1.852753
270624,28.960727
270680,0.630142
270700,0.630142
270768,3.588254
270916,22.891182
270960,18.57103
271024,16.469358
271284,4.278617
271304,20.555085
271308,20.123144
271324,3.263784
271440,22.955745
271564,8.166631
271584,8.166631
271616,-11.307864
271784,28.165709
271804,-16.847812
271932,-32.573455
272120,-1.342813
272200,43.639756
272208,43.639756
272292,-27.890747
272296,4.938848
272692,15.54079
272824,15.54079
273268,37.882314
273272,-18.400943
273412,-0.020828
273684,-0.020828
273708,-0.020828
273912,-0.020828
274056,10.486012
274320,10.486012
274608,10.486012
274712,10.486012
274768,10.486012
274800,10.486012
275128,49.780514
275180,7.633881
275308,92.977885
275384,30.9919
275584,30.9919
275612,-2.271273
275716,-2.271273
275868,-2.271273
275940,-3.656376
276084,-3.656376
276288,61.670252
276296,-15.174092
276396,23.219777
276400,23.219777
276528,23.219777
276612,-2.253354
276704,-1.095459
277028,-1.095459
277192,34.926769
277368,6.05629
277396,6.05629
277412,21.019315
277796,21.019315
277872,21.019315
277912,21.019315
278012,-12.173572
278452,17.904799
278764,17.904799
278840,8.004048
278988,8.004048
279064,8.004048
279384,16.281481
280248,39.486198
280448,-27.568131
280844,77.323214
280924,-32.538688
281108,2.525645
281316,19.97921
281396,19.97921
281412,126.649257
281564,-6.082995
281796,-6.082995
281804,25.817051
281872,25.817051
281928,-3.021753
281940,-3.021753
281996,-3.021753
282012,6.01722
282188,-1.109127
282276,-1.109127
282432,32.030718
282452,25.968418
282456,25.968418
282528,8.227262
282540,8.227262
282632,8.089474
282976,8.089474
283064,8.089474
283100,-67.86247
283208,-0.89412
283292,-0.89412
283344,8.639195
283428,68.843318
283516,1.392494
283612,1.392494
283616,6.421057
283688,47.074854
283764,-15.871789
283928,-15.871789
284064,-15.871789
284104,40.915221
284116,-16.435394
284416,-0.291831
284504,-10.817578
284552,-16.264619
284568,-16.277102
284572,-16.277102
284652,-16.277102
284696,20.13829
284844,80.382711
285100,80.382711
285108,-6.759747
285240,100.607199
285284,48.197085
285396,48.197085
285888,38.828802
285992,29.754082
286300,47.263289
286396,3.586413
286456,3.586413
286508,8.770774
286556,24.913301
286664,74.757894
286808,11.224553
286888,15.668927
287172,7.672623
287612,7.672623
287796,7.672623
288572,7.672623
288872,7.672623
288916,7.672623
289312,7.672623
289396,7.672623
289568,7.672623
289772,7.672623
289884,7.672623
290112,7.672623
290200,7.672623
290316,7.672623
290384,7.672623
290440,7.672623
290456,7.672623
290664,103.408281
290808,72.75201
290888,85.830036
291000,16.596455
291092,-12.952865
291172,15.946762
291324,7.376044
291428,8.686743
291568,52.277751
291844,52.277751
291976,52.277751
292104,52.277751
292408,15.304328
292832,94.208462
293312,94.208462
293520,23.010912
294316,23.010912
294456,23.010912
294592,23.010912
294796,23.010912
294808,72.649458
295004,72.649458
295568,67.226448
296104,67.226448
296408,106.144228
296608,106.144228
296812,31.769734
297312,31.769734
297356,44.131107
297520,178.653971
297744,178.653971
298592,178.653971
298808,90.341801
299004,90.341801
299008,1.731464
299268,14.12303
299568,110.027571
299804,16.952628
300176,6.778152
300408,4.344257
300608,4.344257
300696,18.706101
301356,141.820269
301380,141.820269
301520,58.858924
301744,58.858924
301900,58.858924
301932,58.858924
302232,58.858924
302236,58.858924
302560,58.858924
302592,58.858924

303108,58.858924
303248,58.858924
303280,58.858924
303464,-2.513408
303888,62.196133
303936,84.302927
304012,84.302927
304072,34.315291
304088,43.063521
304392,25.01969
305308,25.01969
305356,25.01969
306140,25.01969
306236,25.01969
307008,25.01969
307108,151.003937
307212,151.003937
307236,9.759561
307428,9.759561
307748,9.759561
307936,169.691615
308088,175.712842
308204,52.113183
308392,161.152376
308496,161.152376
308640,53.104594
308796,17.988756
308860,32.255044
309048,29.635966
309124,10.181226
309308,10.181226
309344,15.90736
309356,15.90736
309432,58.326445
309624,58.326445
309644,9.700827
309732,13.684376
309768,13.684376
309816,31.040829
309820,3.689944
310036,3.689944
310068,26.210255
310508,26.210255
310740,26.210255
310816,-12.336858
310824,-12.336858
310968,-4.50386
311040,-6.05311
311156,7.751667
311292,7.751667
311428,7.751667
311964,21.43266
312204,203.315542
312976,69.430799
313344,158.713927
313356,158.713927
313440,7.949185
313460,7.949185
313492,-4.716444
313716,-10.962058
313880,1.941688
314508,1.941688
314808,1.941688
315040,189.70062
315292,189.70062
315428,189.70062
315604,2.251501
315644,2.251501
316020,38.40994
316204,168.167123
316356,9.60834
316564,9.60834
316608,14.658409
316976,141.330887
316988,84.074056
317116,18.956068
317520,-17.055628
317880,80.761742
317932,80.761742
318012,70.496947
318596,33.964338
318808,33.964338
318928,25.479279
318984,7.692628
319024,2.533364
319072,-4.855891
319252,-4.855891
319292,-4.855891
319428,41.929754
319644,41.929754
319692,73.889859
319784,73.889859
319876,73.889859
320168,73.889859
320256,30.37427
320384,30.37427
320400,30.37427
320424,17.568539
320608,180.772926
321520,206.312357
322092,206.312357
322784,80.795731
323308,80.795731
323404,62.194703
323428,244.46835
323572,19.181501
324328,-19.979534
324356,83.512621
324384,83.512621
324424,173.10171
324544,173.10171
324608,204.878273
324780,42.555575
324880,42.555575
325260,75.973688
325708,60.029134
325724,60.029134
325872,38.398176
326004,10.288615
326092,10.288615
326236,10.288615
326240,1.591429
326572,37.926949
326640,13.467646
326716,13.467646
326944,9.461758
327248,48.628082
327724,85.855317
327792,5.064578
328044,34.966529
328084,34.966529
328328,273.185786
328568,28.563869
328728,11.302256
328780,208.962606
329288,31.607188
329456,31.607188
329480,58.179484
329696,31.65086
329724,31.65086
329924,-9.649446
329992,-9.649446
330092,-9.649446
330172,-9.649446
330480,-9.649446
330664,-9.649446
330716,-9.649446
330732,-9.649446
331036,-9.649446
331040,107.333964
331108,-3.361837
331292,3.266192
331528,34.311586
331548,60.440742
331612,60.440742
331616,-4.968528
331724,262.039397
331736,262.039397
331756,-3.277249
331928,39.434807
332024,18.46222
332044,197.013515
332284,27.6424
332344,27.6424
332696,27.6424
332700,27.6424
332728,39.185475
332780,46.521732
332816,140.368127
332832,140.368127
332840,25.34917
332900,25.34917
333552,25.34917
333880,78.21469
333896,78.21469
334312,9.981654
334480,9.981654
334852,9.981654
334944,9.981654
335036,9.981654
335248,55.236786
335328,-2.638426
335368,-2.638426
335596,-2.638426
335620,-2.638426
335688,-2.638426
335832,63.306009
336704,63.306009
336780,210.936271
336816,179.465442
336840,279.339471
336900,279.339471
337032,21.771224
337168,32.090671
337228,20.956776
337244,20.956776
337320,-0.713842
337348,-0.713842
337416,4.15078
337764,4.15078
337792,46.979499
338016,46.979499
338252,46.979499
338652,113.265388
339216,184.57041
339308,213.412827
339420,22.944318
339596,22.944318
339700,-10.148672
339832,220.865444
339888,220.865444
339900,36.29335
339988,36.29335
340000,39.725031
340052,39.725031
340252,54.298755
340288,18.524175
340380,7.553138
340392,25.953882
340496,22.379307
340900,22.379307
341088,48.399028
341252,120.83152
341348,120.83152
341496,120.83152
341708,120.83152
341804,120.83152
341920,120.83152
341928,48.751764
342068,9.314749
342352,-0.429033
342736,3.711769
342940,3.711769
343156,3.711769
343172,3.711769
343852,3.711769
343900,257.569249
344052,257.569249
344224,-11.617418
344268,-11.617418
344420,-11.617418
344492,-11.617418
344496,252.586066
344592,17.506681
344804,17.506681
345088,285.206165
345124,97.024076
345208,97.024076
345548,97.024076
345608,259.767627
345748,16.818744
345816,87.968059
346424,87.968059
346552,87.968059
346936,87.968059
346988,87.968059
347832,87.968059
347984,87.968059
348032,87.968059
348148,87.968059
348592,240.516236
348688,240.516236
348808,240.516236
349124,271.6637
349316,271.6637
349416,25.390821
349572,24.381964
349608,24.381964
349656,24.381964
349660,6.367007
349748,281.031748
349816,212.631144
349928,23.469489
349968,23.469489
350028,23.469489
350196,23.469489
350244,17.188491
350308,64.319817
350352,64.319817
350464,244.957118
350564,244.957118
350904,70.484369
350940,70.484369
351008,70.484369
351076,70.484369
351228,1.79308
351244,1.79308
351380,18.808806
351404,18.808806
351932,74.967194
351972,164.763215
352032,164.763215
352216,34.694245
352276,80.714689
352404,80.714689
352492,-5.79359
352512,48.268835
352996,242.677315
353180,23.913872
353236,23.913872
353280,35.79588
353352,102.950754
353484,11.7718
353824,11.7718
354432,99.029056
354464,99.029056
354564,99.029056
355116,99.029056
355376,99.029056
355488,99.029056
355788,99.029056
355972,260.187762
356032,260.187762
356188,260.187762
356568,260.187762
356992,260.187762
357280,321.399787
357352,340.545444
357368,340.545444
357396,340.545444
357608,340.545444
357620,340.545444
357744,54.171473
357824,54.171473
357904,14.973398
358092,14.973398
358156,14.973398
358260,14.973398
358432,326.192245
358480,326.192245
358532,22.795162
358608,55.862837
358684,12.443415
359216,99.08052
359528,99.08052
359796,99.08052
359972,255.439619
360148,255.439619
360872,35.225983
361152,34.526818
361320,34.526818
361352,278.636495
361824,278.636495
362260,278.636495
362432,88.997752
362480,88.997752
362636,88.997752
362684,355.752578
362776,38.848417
362860,38.848417
363192,49.597037
363216,304.193729
363260,304.193729
363568,54.405917
363696,14.283676
363768,14.283676
363828,14.283676
363900,14.283676
364148,14.283676
364220,171.190639
364948,109.620251
365212,63.623246
365352,358.186672
365912,155.505405
366376,151.969014
366464,4.695141
366860,4.695141
367044,4.695141
367196,20.097097
367420,4.987743
367696,366.163484
367828,366.163484
367900,366.163484
367940,366.163484
368148,366.163484
368492,122.641043
368548,122.641043
368652,13.574144
369012,13.574144
369212,376.677861
369352,80.285472
369912,332.332805
370460,70.082909
370680,30.984646
371200,65.527733
371696,386.827048
371836,258.416611
371940,258.416611
372072,100.904751
372148,100.904751
372228,100.904751
372256,100.509593
372548,100.509593
372852,100.509593
373208,100.509593
373332,200.419287
373844,200.419287
373948,188.695904
374268,188.695904
374332,85.262858
374460,85.262858
374548,85.262858
374772,39.571151
374788,39.571151
375056,39.571151
375336,39.571151
375696,337.753929
375928,337.753929
375932,18.724352
376072,293.687235
376136,74.011222
376224,7.357827
376228,7.357827
376436,7.357827
376580,77.190623
377108,77.190623
377724,77.190623
377948,434.198298
378092,8.478504
378412,57.028241
378556,9.098799
379928,9.098799
379968,9.098799
380072,321.113495
380112,144.124369
380156,144.124369
380172,144.124369
380280,23.735961
380392,23.735961
380456,23.735961
380580,365.541795
380812,100.863851
380880,100.863851
381048,136.017199
381108,136.017199
381648,128.128194
381764,128.128194
381916,77.715569
381940,77.715569
381948,384.302039
382116,21.31251
382244,57.18647
382520,57.18647
382524,44.848238
382532,92.048569
382700,92.048569
382976,92.048569
383068,92.048569
383072,92.048569
383168,92.048569
383372,78.815316
383780,182.152615
383840,114.357462
383932,114.357462
384172,114.357462
384392,114.357462
384440,64.78431
384636,64.78431
384664,31.533764
384684,31.533764
384812,213.195126
385020,40.392653
385248,53.700017
385308,209.039425
385524,59.215392
386172,59.215392
386408,59.215392
386556,-2.246924
386576,-2.246924
386636,10.06008
387004,10.06008
387168,10.06008
387372,315.414186
388128,315.414186
388336,315.414186
388536,315.414186
389308,376.301107
389424,237.103283
389524,421.794211
389668,421.794211
390576,421.794211
390596,76.994917
390636,365.086905
390720,2.248364
391004,2.248364
391040,2.248364
392336,2.248364
393308,373.23163
393460,373.23163
393524,424.587
393668,424.587
393872,85.298163
394160,-4.879362
394576,-4.879362
394636,395.195617
394668,130.692227
394720,408.556012
394776,408.556012
394788,25.78002
394936,25.78002
395004,25.78002
395040,25.78002
395088,28.170325
395128,28.170325
395240,28.170325
395324,28.170325
395564,28.170325
395696,28.170325
396604,274.574886
396824,274.574886
397328,91.003561
398160,564.649858
398368,60.017248
398720,415.895798
398788,318.002215
399004,318.002215
399564,318.002215
399608,128.748214
399684,128.748214
399696,128.748214
399880,128.748214
399924,128.748214
400032,201.815376
400316,36.471761
400352,36.471761
400412,7.609645
400824,7.609645
400860,55.614743
400976,29.356987
401028,210.165311
401132,210.165311
401320,210.165311
401328,439.988519
401832,439.988519
402644,157.04948
402720,356.120531
403004,356.120531
403100,22.251565
403208,22.251565
403240,288.315049
404040,68.313609
404284,68.313609
404352,68.313609
404824,68.313609
405028,449.034505
405896,58.238127
406216,58.238127
406240,58.086473
406436,58.086473
406560,58.086473
406644,398.923243
406924,22.681788
407100,401.004542
407208,401.004542
407372,401.004542
407556,401.004542
408040,458.762504
408048,169.676125
408128,-0.309036
408352,-0.309036
408476,34.480872
408584,5.583457
409308,238.017561
410240,443.973809
410560,443.973809
410576,32.774298
410924,439.013144
411356,79.102547
411372,79.102547
411556,79.102547
411576,21.871528
411592,21.871528
411708,21.871528
411724,235.465844
411876,235.465844
412128,235.465844
412204,235.465844
412384,235.465844
412428,98.297591
412584,390.122472
412764,390.122472
412932,17.667175
413464,93.127262
413568,93.127262
414576,438.782314
414720,150.115374
414828,287.283202
415372,287.283202
415724,436.669495
416428,436.669495
416764,436.669495
416844,291.698888
417384,339.822731
417560,339.822731
417568,339.822731
418420,339.822731
418576,454.098472
418824,454.098472
418832,71.548822
419372,71.548822
419380,71.548822
419404,371.599868
419460,371.599868
419724,416.670251
419856,416.670251
420144,416.670251
420172,252.648943
420504,217.882774
420544,79.875245
420648,12.986781
420920,12.986781
421008,12.986781
421568,12.986781
422112,12.986781
422372,226.461828
422380,226.461828
422648,350.244202
422808,29.146283
423324,29.146283
423404,413.650583
423460,413.650583
424128,413.650583
424144,413.650583
424504,396.967649
424576,396.967649
424680,87.472519
424860,207.055775
425116,207.055775
425196,207.055775
425496,207.055775
425504,207.055775
425612,207.055775
425876,188.669726
425900,117.576351
426092,14.18106
426636,104.29207
426648,397.930199
426800,48.728461
426828,48.728461
426916,48.728461
427600,48.728461
428476,48.728461
428576,48.728461
428816,263.221312
428860,429.385658
429392,116.019851
429460,116.019851
429596,116.019851
430092,450.484449
430648,433.464925
430732,204.320809
430828,204.320809
431172,204.320809
431468,204.320809
431740,204.320809
432144,363.335805
432476,363.335805
432576,363.335805
432584,363.335805
432696,363.335805
432812,363.335805
432860,457.119482
432876,102.52538
432968,291.56053
433108,291.56053
433136,67.24825
433156,36.008718
433180,352.145192
433512,65.475056
433848,44.575272
434452,44.575272
434780,190.64099
434844,190.64099
434912,190.64099
434932,144.576245
435036,57.995991
435124,36.60752
435652,330.574539
435700,84.342223
435820,10.436862
436244,81.213385
436328,95.262852
436712,53.762608
436816,53.762608
436968,459.227729
437100,459.227729
437192,42.536558
437276,42.536558
437920,462.565609
438124,462.565609
438176,57.691088
438452,57.691088
438728,57.368145
438844,57.368145
439132,50.921423
439228,28.963809
439476,28.963809
439604,54.257252
439700,405.5827
440484,488.360768
440560,175.929984
440816,175.929984
441192,403.200657
442148,371.583263
442452,371.583263
442576,371.583263
442724,371.583263
442844,371.583263
443476,371.583263
443604,518.217663
444560,427.389953
445192,432.386365
446148,504.917162
446576,504.917162
446724,504.917162
446844,504.917162
446868,504.917162
446936,293.871965
446940,293.871965
447236,293.871965
447476,293.871965
447604,555.265863
447772,555.265863
447904,247.920444
448388,56.10173
448452,56.10173
448560,575.3443
449364,575.3443
449404,575.3443
450132,177.777477
450148,503.237861
450196,503.237861
450204,6.109772
450404,6.109772
450952,6.109772
451236,6.109772
451432,149.663829
451604,548.356841
451952,548.356841
452076,102.224475
452248,102.224475
452560,476.718521
452788,476.718521
453616,476.718521
453888,204.171422
454052,379.6921
454196,379.6921
454388,70.99155
454880,105.560926
454952,105.560926
455068,105.560926
455432,514.789601
455488,177.637653
455604,177.637653
455952,177.637653
456076,491.927234
456348,231.35463
456572,68.947512
456920,68.947512
457324,116.289601
458196,116.289601
458612,116.289601
459068,116.289601
459248,300.524629
459356,295.117633
459432,493.591782
459604,493.591782
459856,66.755789
460076,491.73562
460128,165.98989
461000,115.754439
461260,61.995363
462120,420.239595
462180,218.254519
462196,218.254519
462356,191.816155
462500,191.816155
462612,191.816155
462984,150.675738
463068,149.89239
463236,149.89239
463484,149.89239
463580,149.89239
463904,273.221038
464192,39.959414
464352,33.080783
464416,195.532588
465784,164.880849
465928,164.880849
466000,164.880849
466120,526.566874
466152,526.566874
466184,526.566874
466196,526.566874
466500,526.566874
466796,526.566874
466984,522.553923
468352,565.325363
469344,564.652912
469628,196.016385
469784,533.791239
470152,533.791239
470160,77.343218
470184,77.343218
470196,77.343218
470216,77.343218
470796,77.343218
470844,138.43759
470984,495.662792
471540,268.554847
471760,45.474538
471772,45.474538
471912,31.138658
472060,312.268606
472136,24.995609
472908,359.731314
473328,75.863738
473988,364.83233
474184,364.83233
474196,364.83233
474796,364.83233
475064,364.83233
475180,364.83233
475204,370.378567
475548,564.628276
475772,564.628276
475912,534.64352
476772,534.64352
476868,534.64352
477076,534.64352
477396,534.64352
477620,534.64352
477636,343.943357
477988,475.324459
478860,137.324323
479180,137.324323
479548,583.053295
479704,620.161772
480440,620.161772
480572,620.161772
480964,184.032466
481076,184.032466
481132,184.032466
481396,184.032466
481404,184.032466
481544,184.032466
481636,609.361775
481748,609.361775
482052,609.361775
482588,187.382629
482684,187.382629
482780,187.382629
482860,549.821633
483168,105.19879
483548,549.743624
483660,549.743624
483892,364.173025
484244,364.173025
484296,364.173025
484888,364.173025
485188,364.173025
485260,364.173025
485496,390.112523
486300,390.112523
486436,390.112523
486780,390.112523
486860,486.263853
487168,547.834178
487628,61.720865
487892,599.314171
488192,64.679976
488888,64.679976
489188,64.679976
489288,64.679976
489496,513.513503
489572,513.513503
490292,337.920873
490436,337.920873
490600,337.920873
490712,337.920873
490720,337.920873
490952,337.920873
491048,130.779924
491324,433.595695
491628,554.788339
491656,554.788339
491684,554.788339
491796,554.788339
492040,554.788339
492088,89.564326
492172,123.033826
492728,123.033826
493004,329.126841
493260,329.126841
493496,586.427582
493784,44.925845
493816,80.952611
494680,80.952611
494720,80.952611
494872,154.092233
495656,154.092233
495772,154.092233
496088,656.247534
496172,541.165459
496572,83.204946
496680,534.361486
496716,534.361486
497052,150.161692
497260,150.161692
498084,150.161692
498476,343.717371
498716,343.717371
498796,282.013676
498872,521.432749
499080,55.376855
499160,82.352265
499316,82.352265
499536,82.352265
499912,146.579044
499960,146.579044
500724,146.579044
500840,146.579044
501052,577.093722
501260,577.093722
501664,406.528459
502416,448.117476
502424,448.117476
502536,181.961867
502772,181.961867
502872,502.101917
503684,502.101917
503960,502.101917
504044,502.101917
504840,502.101917
504952,502.101917
505052,535.904145
505080,531.74201
505104,476.880027
505980,129.562007
506100,219.7389
506424,219.7389
506688,219.7389
506872,591.737356
506980,299.121173
507952,299.121173
508344,299.121173
508664,299.121173
508840,299.121173
509052,299.121173
509264,477.039839
509588,65.214252
509980,705.053054
510424,705.053054
510872,496.561876
510980,578.947422
511164,30.956839
512176,30.956839
512344,30.956839
513052,30.956839
513588,518.239566
513608,518.239566
513980,555.35771
514000,555.35771
514144,28.241293
514424,28.241293
514628,178.045524
514864,178.045524
514872,599.997641
515164,565.450705
515772,148.870709
516652,148.870709
517576,496.333044
517608,496.333044
517740,496.333044
517972,496.333044
518000,496.333044
518304,453.827963
518380,453.827963
518872,700.637298
519164,611.094987
519788,143.818802
520652,143.818802
521576,573.426418
521732,39.589252
521972,39.589252
522000,39.589252
522304,589.364859
522380,589.364859
522872,581.843932
523788,585.64796
524652,585.64796
524808,585.64796
524836,304.210513
525732,568.128359
525816,568.128359
525972,568.128359
526000,568.128359
526028,568.128359
526304,618.656794
526380,618.656794
526636,618.656794
527172,618.656794
527532,618.656794
527788,623.009952
527952,33.670905
528428,33.670905
528836,739.239573
529672,331.601104
529732,650.061181
530028,650.061181
530856,177.046058
531168,89.170237
531172,89.170237
531456,55.126195
531532,55.126195
531608,404.13789
531912,426.515523
531952,642.941802
532124,88.322219
532172,78.815341
532428,78.815341
532872,155.773177
533496,155.773177
533756,155.773177
534028,155.773177
535000,155.773177
535172,155.773177
535456,809.582642
535748,809.582642
535952,559.106559
536172,600.273583
536272,171.826859
536428,171.826859
536728,171.826859
536872,577.002039
537876,284.437262
538028,284.437262
538700,284.437262
539172,284.437262
539492,223.358079
539748,223.358079
539952,616.252965
540032,616.252965
540172,623.382404
540376,161.480016
540728,161.480016
540872,773.679523
541660,391.322769
541744,391.322769
542012,89.219746
542156,89.219746
542700,89.219746
542752,89.219746
542928,89.219746
543080,89.219746
543452,461.311294
543748,461.311294
544172,617.725098
544728,617.725098
544844,552.306376
545084,362.49912
545500,143.494924
545724,143.494924
545900,143.494924
545916,113.762058
545980,14.782366
546012,678.161495
546836,320.367179
547012,320.367179
547220,196.460896
547748,196.460896
548172,495.653019
548308,521.729195
549028,521.729195
549388,412.763328
549724,412.763328
549900,412.763328
551012,412.763328
551220,645.105256
551336,645.105256
551792,125.260942
552028,420.895442
552172,741.512429
552308,546.655241
552372,127.73229
553028,127.73229
553688,266.213068
553724,266.213068
554140,48.928859
554472,48.928859
554916,48.928859
555336,48.928859
555652,584.891863
555820,330.499373
556028,597.892829
556372,623.641068
557028,623.641068
557336,212.987409
557760,212.987409
557772,212.987409
558884,212.987409
559336,212.987409
559652,700.353817
559820,647.473474
560028,706.5878
560400,86.205095
560720,86.205095
560880,247.071788
560936,247.071788
561336,955.604424
561740,309.18017
561760,309.18017
561772,309.18017
562516,381.80924
562772,381.80924
562884,381.80924
564180,425.09214
564412,425.09214
564580,119.248204
564880,488.217161
564936,488.217161
565296,488.217161
565336,608.051014
566288,721.626128
566772,721.626128
567080,721.626128
567824,721.626128
568412,721.626128
568580,843.826565
568596,843.826565
568880,607.886725
568936,607.886725
569336,592.084195
569568,139.516478
570288,689.825077
570548,689.825077
570740,689.825077
571080,689.825077
571656,689.825077
571824,689.825077
572880,560.040234
573336,741.88061
573568,910.530487
574288,626.099645
574376,626.099645
574548,626.099645
575080,626.099645
575656,626.099645
575824,626.099645
575884,626.099645
576032,397.519716
576232,397.519716
576304,56.61973
576880,604.423778
577212,604.423778
577336,591.773703
577568,632.552089
578276,202.836781
578280,202.836781
578376,202.836781
578684,202.836781
578704,202.836781
579220,202.836781
579400,292.397095
579632,712.039623
579656,712.039623
580704,712.039623
580880,762.111444
581120,72.25325
581172,72.25325
581364,340.349304
582076,340.349304
582276,624.823686
582376,624.823686
582456,39.383312
583220,39.383312
583632,609.44874
583744,521.953617
583748,196.55859
585172,196.55859
585340,526.174967
586076,526.174967
586376,526.174967
586896,526.174967
587220,526.174967
587632,668.802677
587688,668.802677
587744,954.438327
587748,794.12514
588292,794.12514
589172,794.12514
589340,753.059767
589580,365.882468
590304,365.882468
590896,365.882468
591632,689.71922
591676,689.71922
591748,673.577398
592292,673.577398
592588,673.577398
593340,730.768171
593580,919.982213
593660,919.982213
593764,508.441351
593804,508.441351
594304,508.441351
594504,260.639125
594952,260.639125
595748,659.208012
596292,659.208012
597028,659.208012
597580,852.311426
597660,852.311426
597764,653.830764
598480,135.944332
598504,877.178402
598836,877.178402
598940,877.178402
598952,877.178402
599184,877.178402
599552,239.12483
599556,239.12483
599748,680.768385
600148,126.920854
601028,126.920854
601288,245.418842
601764,659.215992
602480,690.615136
602952,690.615136
603184,690.615136
603552,719.407298
603556,719.407298
605008,719.407298
605024,719.407298
605028,719.407298
605288,669.685128
605536,669.685128
605764,541.071032
605852,541.071032

606212,541.071032
606676,541.071032
607588,541.071032
607928,541.071032
608280,541.071032
608392,541.071032
608660,541.071032
610212,701.153526
610388,701.153526
611208,701.153526
611688,701.153526
611784,316.199994
612132,383.627793
612196,383.627793
613184,383.627793
614160,802.877839
614212,631.797808
614228,631.797808
614388,631.797808
614624,631.797808
614992,161.461037
615208,161.461037
615328,362.820725
615368,362.820725
615688,362.820725
615784,658.053607
616132,654.281368
616228,209.03623
616564,116.607693
616760,116.607693
616984,116.607693
617040,317.595601
618120,317.595601
618388,317.595601
618588,380.104816
618724,380.104816
619200,380.104816
619208,380.104816
619328,775.437072
619360,775.437072
620228,792.940637
620668,792.940637
621040,681.035175
622120,681.035175
622588,732.587738
622632,732.587738
622724,732.587738
623328,706.398066
623956,151.313365
624228,677.08889
624668,677.08889
625040,690.431983
626120,690.431983
626360,690.431983
626588,855.058428
626632,855.058428
626724,855.058428
627708,855.058428
627956,773.914947
628228,941.921393
628424,941.921393
629040,980.683884
629540,334.62411
629696,334.62411
630588,815.096535
630724,815.096535
630772,61.33591
630928,545.470054
630992,21.764142
631708,21.764142
632424,21.764142
633040,881.865917
633540,717.091366
633696,717.091366
634724,717.091366
634772,747.019329
634992,813.074557
635316,813.074557
635360,305.183855
635708,305.183855
635840,305.183855
635980,305.183855
636096,305.183855
636308,305.183855
636612,253.240406
637040,844.338075
637616,844.338075
638772,831.961754
638992,889.849281
639316,889.849281
639348,889.849281
640096,889.849281
640308,889.849281
640336,889.849281
640612,770.948047
640744,430.547883
640908,50.957455
641040,631.536538
641200,631.536538
641808,310.832904
642944,310.832904
642992,656.521772
643316,656.521772
643348,656.521772
644908,824.540277
645040,900.964623
645200,900.964623
645300,105.939428
645360,105.939428
645504,105.939428
645808,762.743077
646320,762.743077
646844,381.632139
646988,22.785369
646992,785.132955
647316,785.132955
647576,115.201847
648184,538.659753
648908,959.311399
649360,959.311399
649472,959.311399
649504,959.311399
649696,959.311399
649784,959.311399
649836,660.889063
650988,937.745975
651316,937.745975
652184,694.288892
652908,699.723171
653360,699.723171
653696,699.723171
653736,699.723171
653784,699.723171
653836,835.442599
654128,835.442599
654160,852.645416
656020,852.645416
656184,800.328402
656908,1000.311523
657200,1000.311523
657360,1000.311523
657784,393.301938
657836,717.720084
657956,60.655684
658160,696.350244
660020,696.350244
660120,696.350244
660236,696.350244
660256,696.350244
660660,500.085601
660908,895.020953
661168,895.020953
661360,895.020953
661836,899.548003
662160,916.874017
662892,556.419357
663920,556.419357
664120,556.419357
664256,556.419357
664908,933.858432
665360,933.858432
665836,913.213556
666160,698.147404
666512,410.793234
666892,973.995714
666924,973.995714
667920,973.995714
667940,205.604994
668120,205.604994
669360,205.604994
669380,900.155013
669456,900.155013
670160,994.29757
670488,763.26927
671776,288.007196
671920,288.007196
671940,739.65503
672120,739.65503
672304,739.65503
672796,229.860238
673360,229.860238
673380,793.616624
673456,793.616624
673652,793.616624
674160,789.45321
675396,528.691669
675920,528.691669
675940,807.928629
676304,807.928629
676460,306.102971
676796,967.451255
677360,967.451255
677652,967.451255
678160,741.57314
679920,741.57314
679940,837.804834
679980,837.804834
680300,85.308456
680304,85.308456
680460,726.052842
680796,889.615752
680800,889.615752
681360,889.615752
681652,889.615752
682160,687.710413
683980,687.710413
684300,746.573039
684460,980.580458
684560,980.580458
684568,20.294898
684796,903.933687
684800,903.933687
685604,903.933687
685652,903.933687
686160,892.123649
688300,728.530981
688560,728.530981
688568,862.762524
688796,956.899408
688800,956.899408
689604,956.899408
689652,956.899408
689860,224.023653
690004,224.023653
690044,224.023653
690160,750.600131
690832,750.600131
690880,272.86072
690936,616.292347
691708,616.292347
692300,1053.23261
692560,1053.23261
692584,1053.23261
692788,1053.23261
693604,1053.23261
694160,1070.129697
694832,1070.129697
694880,949.743446
694936,851.260308
696064,851.260308
696300,941.90686
696584,941.90686
696788,941.90686
697604,941.90686
697856,941.90686
697960,724.329355
698160,924.964181
698936,742.50051
699240,742.50051
700020,335.929423
700064,335.929423
700300,823.228051
700788,823.228051
701068,823.228051
701164,823.228051
701392,355.476259
701604,355.476259
701960,960.643266
702160,748.507817
702376,748.507817
702504,748.507817
703060,748.507817
704064,748.507817
704300,884.263402
704396,11.619954
705392,1084.187141
705404,1084.187141
705604,1084.187141
705960,767.648516
706028,767.648516
706160,948.085763
706884,212.870535
707140,260.915074
708064,260.915074
708396,1093.562594
709016,986.863836
709024,986.863836
709456,986.863836
709604,986.863836
710028,986.863836
710808,986.863836
710884,989.147223
710920,989.147223
711140,784.745518
712064,784.745518
712308,784.745518
712396,863.761407
712492,863.761407
713016,1067.013226
713168,627.241263
713604,627.241263
714920,627.241263
715140,1213.238613
716004,1213.238613
716396,1091.74874
716492,1091.74874
717016,1014.692365
717168,1101.310341
717604,1101.310341
717676,378.910412
718600,451.174101
718920,451.174101
719028,107.211517
719140,1061.128931
719904,1061.128931
720004,1061.128931
720028,1061.128931
720188,1061.128931
720568,1061.128931
720668,1061.128931
721104,1061.128931
721168,865.160214
721220,992.178002
722300,992.178002
723028,1007.402296
723140,1038.990858
723344,602.590582
723460,101.995989
723832,101.995989
724028,101.995989
724188,101.995989
724668,101.995989
725220,889.361013
725288,889.361013
727028,863.009757
727344,705.513212
727460,958.477754
727832,958.477754
728028,958.477754
728188,958.477754
728936,958.477754
729220,721.295639
729288,721.295639
730652,721.295639
731028,1096.14039
731212,528.173024
731344,780.963676
731460,761.859173
731872,761.859173
732188,761.859173
732332,261.437883
732632,261.437883
732828,261.437883
732916,261.437883
732928,572.164461
733288,572.164461
733504,672.205837
733880,124.680681
735072,639.630356
735344,940.064839
735600,1023.90099
736632,1023.90099
736828,1023.90099
736916,1023.90099
737288,1023.90099
737408,1023.90099
737540,597.09219
737880,755.747877
738416,755.747877
739344,762.120929
739600,746.968398
739820,56.970034
739888,139.790495
740916,139.790495
741168,139.790495
741288,139.790495
741408,139.790495
741540,1111.448486
741864,111.40349
741880,789.610972
741924,789.610972
742416,789.610972
743168,371.433297
743820,1094.636
743888,847.550166
745168,847.550166
745288,847.550166
745864,1155.162147
745924,1155.162147
746416,1155.162147
747168,1279.560302
747612,1279.560302
747780,1279.560302
747820,801.500529
747888,1056.637109
749168,1056.637109
749680,1056.637109
749864,716.113915
749924,716.113915
750016,921.679367
750088,921.679367
750100,921.679367
750560,921.679367
750644,162.941441
750716,162.941441
751820,1113.395807
751836,1113.395807
751888,1229.177905
752508,1229.177905
753468,1229.177905
753680,1229.177905
754016,1030.523511
754088,1030.523511
754100,1030.523511
754404,1030.523511
754644,889.172218
754872,889.172218
754908,773.490989
755820,789.831363
756084,789.831363
756592,262.034219
757680,262.034219
758016,891.7081
758404,891.7081
758644,945.725235
758872,945.725235
758908,835.023667
759008,43.506879
759292,346.410079
760084,346.410079
760592,976.181528
761680,976.181528
761904,976.181528
762404,976.181528
762644,862.711394
762872,862.711394
763008,1163.43028
763292,867.268841
764388,867.268841
764592,748.023138
765680,748.023138
765904,748.023138
766400,748.023138
766644,1215.08103
766872,1215.08103
767008,1238.380995
767292,1116.312134
768592,804.280202
769680,804.280202
769904,804.280202
770400,804.280202
770644,992.270961
770872,992.270961
770984,992.270961
771008,959.071375
771104,959.071375
771292,1085.900898
771772,416.154401
772592,1173.988543
772996,438.526353
773212,608.399453
774120,535.601553
774400,535.601553
774872,535.601553
774984,535.601553
775008,1140.004894
775104,1140.004894
775528,1140.004894
776760,1140.004894
776996,767.835617
777212,917.094868
777728,184.479318
778120,1297.698679
778400,1297.698679
779008,1026.97926
779104,1026.97926
779216,438.50712
779528,438.50712
779740,438.50712
779928,853.455296
780460,453.493565
780760,453.493565
780888,131.230876
781160,227.840872
781612,1065.861839
782400,1065.861839
783104,1065.861839
783216,810.550826
783432,816.262269
783740,816.262269
784760,816.262269
785160,1000.275153
785612,1021.469058
785740,1021.469058
786184,284.027866
786216,284.027866
786400,284.027866
786508,130.544777
787104,130.544777
787216,1059.294192
787392,33.35873
787432,1060.046965
787548,31.989231
788924,754.805481
789604,668.506873
789612,1171.860156
789740,1171.860156
790216,1171.860156
790400,1171.860156
790820,1171.860156
790900,454.629439
791104,454.629439
791432,785.157966
791592,49.820498
791996,105.817619
792204,105.817619
793604,1068.955647
793612,1088.193678
793700,28.352007
793852,576.816376
794152,164.334496
794216,164.334496
794820,164.334496
794900,1172.209049
795104,1172.209049
795744,1172.209049
797604,1328.997368
797852,1139.17999
798152,824.604046
798216,824.604046
798440,824.604046
798820,824.604046
798900,1156.322101
799104,1156.322101
799144,1156.322101
799592,212.88655
799744,212.88655
800104,212.88655
800948,1016.214231
801284,1016.214231
801428,548.68238
801604,1179.972017
801852,1214.980578
802428,294.977156
803144,294.977156
803744,294.977156
804104,294.977156
804824,1217.511879
804936,1217.511879
804948,1244.358442
805108,1244.358442
805448,1244.358442
805852,1452.873848
806324,326.0427
806428,1246.911028
807500,1246.911028
807744,1246.911028
808104,1246.911028
808948,1226.556957
809448,1226.556957
809852,866.367009
810324,1027.705534
810428,774.265668
810504,54.638488
810900,144.51236
811500,144.51236
811744,144.51236
812104,144.51236
812532,681.639388
812668,666.203664
812948,1348.859432
813000,171.248242
813228,191.534864
813448,191.534864
813852,1197.987752
814076,359.006998
815220,387.28083
815500,387.28083
815744,387.28083
816104,387.28083
816132,924.286662
817000,1212.933546
817124,29.144701
817448,29.144701
817852,1149.466352
818888,1177.832097
819500,1177.832097
819744,1177.832097
819764,576.019718
820104,576.019718
820132,927.036475
820260,927.036475
820952,314.903378
821124,1221.460214
821448,1221.460214
821772,1221.460214
821860,158.309686
821952,158.309686
822888,1314.870536
823460,554.789529
823500,554.789529
823812,335.372798
823932,335.372798
824104,335.372798
824132,1211.662346
825448,1211.662346
825860,897.835973
827460,946.706602
827500,946.706602
827812,858.940651
827932,858.940651
828056,100.463112
828072,100.463112
828104,100.463112
828132,789.367794
828760,259.748089
829860,805.475666
831460,1085.209351
831500,1085.209351
831932,1085.209351
832056,857.281541
832104,857.281541
832348,857.281541
832760,936.719975
832880,45.954601
833080,45.954601
833172,341.611025
833612,175.045847
833860,834.723007
833944,140.874779
835460,886.489871
835500,886.489871
836104,886.489871
836348,886.489871
836604,403.345342
836880,1187.016165
836980,137.0838
837080,137.0838
837512,137.0838
837520,212.168133
837860,928.89016
837944,988.106827
838020,171.723133
839172,412.37577
839500,412.37577
840104,412.37577
840216,412.37577
840348,412.37577
840880,826.30272
841512,826.30272
841860,1009.517777
842020,695.73606
842484,441.042148
843172,1226.208795
843500,1226.208795
844136,810.005122
844216,810.005122
844292,64.578095
844344,477.159065
844348,477.159065
845368,991.954496
845512,991.954496
846020,924.594248
846328,924.594248
847456,1194.770061
847500,1194.770061
848216,1194.770061
848260,1194.770061
848344,1036.381217
848348,1036.381217
848888,1011.412311
849368,778.003629
850208,318.031936
851232,318.031936
851376,318.031936
851456,767.037193
851500,767.037193
852260,767.037193
852344,1119.560355
852888,950.543258
853288,950.543258
853548,388.643712
854208,1193.178255
855232,1193.178255
855456,1374.654776
855500,1374.654776
855532,1374.654776
855616,1374.654776
856228,1374.654776
856440,403.923182
856888,1355.689111
857548,795.536511
857620,795.536511
858044,378.441662
858208,924.084263
858440,924.084263
859532,924.084263
860228,924.084263
860440,1075.533686
861296,288.877868
861308,288.877868
861548,1094.742577
861588,1094.742577
861620,1094.742577
862044,951.885027
862208,850.283067
862316,850.283067
862340,850.283067
862508,104.960786
862728,104.960786
862880,104.960786
863496,104.960786
864520,1143.887609
864568,1143.887609
865548,1193.527347
865620,1193.527347
866044,1308.414499
866340,1308.414499
866508,1097.590441
866728,801.455553
867420,522.975973
867496,522.975973
868568,522.975973
868632,489.504584
868844,489.504584
868968,127.09377
869168,835.081297
869548,1102.722132
869620,1102.722132
869764,1102.722132
869808,106.931575
870340,106.931575
870504,106.931575
870508,1445.886209
871056,399.806225
871832,458.394182
872568,458.394182
872844,458.394182
872968,835.124653
873168,1172.994549
873184,1172.994549
873656,1172.994549
874044,1066.776223
874504,1066.776223
874584,588.398671
874776,660.843811
875832,1470.468028
876028,683.747951
876116,80.413437
876560,80.413437
876568,80.413437
876844,80.413437
876956,288.971513
877656,288.971513
877812,288.971513
878584,977.791096
878776,729.778102
878884,729.778102
879364,729.778102
880116,1309.981171
880560,1309.981171
880568,1309.981171
880956,765.772092
881812,765.772092
882584,1141.414588
882644,1141.414588
882776,855.912598
882780,103.919317
883024,103.919317
883256,103.919317
883364,103.919317
883536,103.919317
884116,801.940444
884568,801.940444
884956,1325.719606
886776,1076.62663
886780,1018.819228
887256,1018.819228
887364,1018.819228
887536,1018.819228
888116,1003.176595
888280,68.24756
888568,68.24756
888652,690.583339
888956,1313.019461
890780,1170.845733
891256,1170.845733
891364,1170.845733
891536,1170.845733
891680,1170.845733
891800,1170.845733
892280,1156.151553
892652,1422.474855
892956,1024.435623
893764,1024.435623
893856,1024.435623
894780,991.418718
894988,44.051601
895248,1141.548243
895364,1141.548243
895536,1141.548243
895700,1141.548243
896652,1015.463773
896956,1252.621347
897764,1252.621347
897856,1252.621347
898220,890.321506
898988,798.601518
899364,798.601518
899700,798.601518
899760,798.601518
900204,695.897522
900652,898.326465
900956,927.970003
901764,927.970003
901856,927.970003
902344,554.192423
902840,1376.711461
903700,1376.711461
903760,1376.711461
904204,820.233663
904652,1011.534712
905692,460.144308
905764,460.144308
905856,460.144308
906344,803.360475
906416,864.133576
906840,883.79815
907308,461.179843
907700,461.179843
907760,461.179843
908672,461.179843

