timestep,reward
104,-30.749895
124,-30.749895
228,-56.114237
312,-56.114237
360,-131.508966
384,-113.701566
432,-31.578913
448,-72.075315
480,-18.863909
512,-21.59177
516,-21.59177
540,-23.100572
584,-94.74198
620,-20.291623
652,-86.392763
680,-86.392763
684,-51.939211
792,-51.939211
904,-51.939211
944,-51.939211
956,-51.939211
1012,-51.939211
1060,-51.939211
1144,-166.691099
1364,-173.524027
1456,-190.7281
1504,-59.084989
1560,-40.58727
1680,-46.321629
1816,-46.321629
1828,-26.63904
1900,-201.016567
1972,-16.701292
2140,-41.525738
2440,-49.438864
2672,-193.189679
2788,-102.01707
2876,-50.737148
2892,-108.711894
3292,-127.245172
4516,-127.245172
4620,-1120.973277
4656,-1120.973277
4724,-1120.973277
4840,-99.362735
4884,-99.362735
4944,-99.362735
4984,-99.362735
5012,-27.868341
5052,-27.868341
5060,-27.868341
5160,-26.38702
5220,-26.38702
5264,-26.38702
5404,-26.38702
5504,-1126.35733
5512,-1126.35733
5532,-1126.35733
5636,-57.535644
5724,-57.535644
5816,-57.535644
5864,-57.535644
5992,-105.537074
6004,-105.537074
6112,-17.256174
6304,-17.256174
6552,-115.266197
6576,-115.266197
6732,-115.266197
6820,-115.266197
6876,-1091.558287
6912,-1091.558287
6940,-0.90519
7024,-0.90519
7124,-0.90519
7188,-0.90519
7208,-0.90519
7240,-175.006768
7292,-1000.823213
7392,-143.368157
7484,-143.368157
7508,-78.131557
7608,-134.360752
7708,-38.862574
7724,-98.03305
7804,-93.386863
7884,-22.562626
7968,-18.109223
8004,-18.109223
8020,-83.918415
8084,-52.46639
8148,-52.46639
8276,-57.645011
8312,-57.645011
8384,-57.645011
8496,-57.645011
8872,-57.645011
8888,-108.594921
8892,-340.994938
8944,-340.994938
8948,-340.994938
9056,-31.665044
9136,-31.665044
9160,-1096.46075
9172,-1096.46075
9200,-66.456578
9244,-22.050847
9308,-67.94325
9456,-83.406511
9532,-64.078662
9576,-93.104437
9652,-26.24984
9984,-47.541151
9992,-47.541151
10108,-47.541151
10112,-149.895213
10196,-72.948549
10200,-72.948549
10264,-16.267331
10388,-32.605829
10540,-104.083747
10660,-104.083747
10828,-137.396018
10856,-25.341206
10992,-31.423518
11032,-31.423518
11144,-62.442886
11188,-62.442886
11196,-18.180605
11316,-87.459073
11320,-38.875621
11448,-47.028602
11612,-65.318967
11688,4.331732
11804,-1136.686948
12120,-200.802362
12564,-109.512838
13136,-109.512838
13280,-109.512838
13308,-109.512838
13456,-1014.425552
13468,-1014.425552
13532,-1014.425552
13544,-1014.425552
13700,-63.383814
13704,-63.383814
13736,-63.383814
13792,-24.329777
13908,-24.329777
14020,-24.329777
14076,-24.329777
14224,-128.57711
14344,-128.57711
14368,-20.273167
14952,-143.887591
15000,-0.985792
15032,-0.985792
15056,-15.666824
15188,-15.666824
15252,-15.666824
15356,-62.976491
15448,-16.186592
15460,-16.186592
15540,-39.648847
15572,-39.648847
15668,-14.657218
15688,-1049.965125
15736,-14.831994
15756,9.053901
15804,-1008.591616
15872,-1008.591616
15884,-24.956938
15924,-23.350135
15948,-14.146457
15992,-14.146457
16196,-66.522185
16216,-90.455675
16244,-118.541203
16252,-11.703931
16324,-22.034259
16332,-50.641741
16384,-42.999561
16404,-42.999561
16460,-7.587981
16476,-22.400222
16556,-67.692105
16564,-1040.863148
16616,-1040.863148
16636,-14.987978
16672,-57.099188
16824,-57.099188
16932,-57.099188
17032,-57.099188
17060,-47.194519
17072,-72.570692
17120,-16.86879
17164,-5.096441
17216,-33.081899
17288,-33.081899
17368,-51.09126
17372,-54.742475
17548,-41.011598
17552,-280.629671
17624,-18.752722
17768,-18.752722
17824,-18.752722
17916,-31.647302
17948,-31.647302
17972,-58.023971
18000,-15.749018
18020,-15.749018
18248,-15.749018
18344,-15.749018
18428,-15.749018
18492,-15.749018
18496,-15.749018
18520,-81.020338
18560,-81.020338
18564,-13.459886
18568,-13.459886
18652,-13.459886
18804,-13.459886
18964,-80.718357
19032,-80.718357
19072,-80.718357
19308,-80.718357
19340,-80.718357
19372,-80.718357
19432,-80.718357
19548,-80.718357
19588,-80.718357
19776,-80.718357
19796,-80.718357
19800,-80.718357
19904,-80.718357
19944,-80.718357
19984,-80.718357
20100,-80.718357
20132,-80.718357
20168,-80.718357
20372,-80.718357
20384,-80.718357
20636,-1048.136406
20724,-1048.136406
20840,-9.213373
20852,-9.213373
21148,-59.54919
21152,-59.54919
21196,-59.54919
21372,-975.360217
21556,-39.137779
21692,-39.137779
21724,-57.647531
21864,-165.672394
22000,-962.485094
22068,-962.485094
22112,-64.17452
22160,-7.188467
22204,-7.188467
22208,-101.580132
22256,-19.626095
22308,-19.626095
22348,-44.12401
22380,-98.304029
22612,-71.068761
22624,-79.101966
22732,-20.945557
22880,-49.897645
22964,-953.403675
23096,-96.558825
23140,-55.629867
23148,-42.610456
23264,-39.714319
23308,-39.714319
23456,-74.567328
23460,-19.326096
23492,-69.878761
23612,-69.878761
23788,-105.322122
23900,-105.322122
23940,-30.320456
24040,-30.320456
24120,-13.145669
24132,-13.145669
24192,2.14473
24276,2.14473
24372,2.14473
24472,2.14473
24516,2.14473
24684,2.14473
25016,2.14473
25060,2.14473
25088,2.14473
25140,2.14473
25240,2.14473
25292,2.14473
25384,2.14473
25804,2.14473
25844,2.14473
25980,2.14473
26124,2.14473
26204,2.14473
26308,2.14473
26348,-995.02984
26376,-995.02984
26652,-83.40017
26732,-22.713766
26912,-22.713766
26916,-37.777483
27008,-37.777483
27132,-37.777483
27196,-96.785144
27212,-96.785144
27296,-33.298564
27456,-985.069702
27460,-1028.063169
27496,-1028.063169
27512,-88.588085
27636,-6.835188
27664,-6.835188
27752,-98.134072
27812,-98.134072
27840,-79.950835
27896,-79.950835
27932,-57.542588
27992,-11.227062
28024,-90.144086
28092,-13.836621
28096,-22.41372
28112,-79.480636
28136,-3.158742
28148,-3.158742
28172,-4.528801
28192,-981.899396
28256,-48.169084
28260,-18.871382
28284,-18.871382
28372,-18.871382
28784,-18.871382
28908,-18.871382
28932,-126.625067
28940,-126.625067
29048,-28.442355
29168,-28.442355
29228,-28.442355
29568,-28.442355
29604,-28.442355
29744,-159.758584
29920,-159.758584
30172,-140.153723
30512,-140.153723
30604,-135.628072
30760,-19.355037
31212,-19.355037
31388,-204.24817
31724,-204.24817
31960,-204.24817
32136,-1004.556266
32192,-1055.020148
32216,-1055.020148
32260,-989.128642
32328,-39.203165
32360,-39.203165
32420,-49.974945
32448,-12.325813
32488,-12.325813
32500,-12.325813
32504,-19.696535
32560,-35.910186
32632,-35.910186
32712,-35.910186
32900,-101.209843
32924,-68.846475
32936,-68.846475
32940,-68.846475
32960,-24.132566
33076,-24.132566
33160,-89.601893
33196,-89.601893
33328,-89.601893
33372,-47.790077
33400,-47.790077
33464,-25.947376
33564,-27.26887
33632,-27.26887
33672,-27.26887
33872,-27.26887
33936,-27.26887
34184,-27.26887
34312,-27.26887
34512,-27.26887
35044,-27.26887
35312,-27.26887
35356,-27.26887
35388,-985.412793
35472,-11.395728
35692,-70.82641
36016,-70.82641
36136,-955.573647
36176,-118.094301
36192,-118.094301
36256,-23.297866
36280,-26.332688
36324,-26.332688
36704,-26.332688
36720,-105.846001
36756,-105.846001
36852,-3.253448
36888,-3.253448
36936,-3.253448
36960,-957.253391
37060,-21.889149
37156,-21.889149
37416,-83.717359
37464,-25.645064
37564,-945.362232
37624,-19.816555
37632,-19.816555
37664,-19.285052
37708,-28.174466
37760,-28.174466
37864,-32.807228
37916,-11.019556
38064,-103.019785
38140,-10.780042
38212,-24.796565
38232,-24.796565
38368,-13.065768
38424,-13.065768
38432,-13.065768
38512,-13.065768
38556,-35.865165
38560,-35.865165
38680,-35.865165
38736,-35.865165
38752,-11.428107
38756,-135.619726
38788,-135.619726
38836,-18.305119
38908,-18.305119
38920,-36.309896
39184,-36.309896
39228,-36.309896
39244,-36.309896
39280,-36.309896
39316,-96.015965
39400,-96.015965
39500,-96.015965
39544,-138.392545
39576,-9.346659
39628,-10.887763
39704,-25.218714
39720,-25.218714
39848,-25.218714
39876,-25.218714
39896,-25.218714
39972,-25.218714
40032,-25.218714
40056,-124.343478
40068,-124.343478
40072,-124.343478
40192,-58.635092
40208,-151.96747
40232,-151.96747
40256,-955.152354
40320,-955.152354
40324,-33.791389
40492,-36.674533
40508,-77.764763
40536,-77.764763
40548,-46.878462
40564,-46.878462
40588,-30.724706
40772,-50.183737
40852,-971.378718
40900,-11.975736
40924,-15.398745
40928,-15.398745
40936,-15.398745
41052,-15.398745
41144,-15.398745
41172,-15.398745
41404,-143.148429
41408,-143.148429
41492,-143.148429
41608,-124.671597
41756,-111.967399
41828,-53.077087
41912,-20.30805
42212,-31.891918
42244,-63.081361
42300,-22.222059
44068,-22.222059
44492,-915.677704
44500,-915.677704
44548,-955.842486
44620,-955.842486
44652,-55.795631
44664,-29.375706
44716,-29.375706
44728,-18.518247
44864,-18.518247
44940,-18.518247
45036,-64.813311
45052,-64.813311
45132,-64.813311
45172,-64.813311
45220,-44.75115
45236,-44.75115
45312,-38.116837
45352,-38.116837
45440,-52.506073
45492,-52.506073
45524,-52.506073
45584,-52.506073
45592,-5.795816
45604,-5.795816
45676,-5.795816
45696,-5.795816
45744,-5.795816
45852,-75.075044
45880,-75.075044
45928,-24.512799
45964,-24.512799
46000,-24.512799
46080,-23.228152
46108,-23.228152
46148,-23.228152
46244,-882.947124
46300,-865.617941
46356,-75.065047
46444,-6.779606
46544,-6.779606
46604,-34.691375
46608,-34.691375
46752,-41.745002
46764,-41.745002
46908,-126.786045
46912,-126.786045
46960,-126.786045
47056,-126.786045
47072,-49.255327
47080,-168.811969
47148,-168.811969
47224,-57.139869
47232,-57.139869
47360,-57.139869
47440,-88.158145
47512,-88.158145
47544,-18.455451
47560,-18.455451
47604,-12.670933
47724,-12.670933
47804,-62.458137
47808,-62.458137
47872,-17.406672
47940,-17.406672
48244,-17.406672
48384,-17.406672
48728,-934.198332
48820,-20.689193
48940,-20.689193
49028,-20.689193
49216,-20.689193
49224,-20.689193
49312,-20.689193
49368,-20.689193
49480,-20.689193
49588,-20.689193
50764,-20.689193
51072,-796.21919
51144,-14.030421
51224,-892.4464
51396,-53.632334
51560,-53.632334
51584,-89.223196
51620,-89.223196
51628,-6.58435
51672,-130.593492
51820,-44.8898
51872,-899.199056
51900,-85.444558
52004,-35.327681
52436,-51.391157
52820,-881.478104
52864,-173.698959
52936,9.781524
52968,-73.885329
53028,-49.16755
53084,-15.516182
53228,-36.839992
53272,-38.985631
53280,-8.593749
53312,-8.593749
53396,-58.147358
53424,-63.002406
53460,-35.370022
53588,-35.370022
53780,-58.185614
53964,-58.185614
53988,-138.134204
54364,-31.797148
54624,-40.954709
54764,-40.954709
54824,-40.954709
54980,-77.697174
55172,-77.697174
55408,-77.697174
55496,-122.780617
55532,-122.780617
55768,-45.424889
55808,-45.424889
55820,-45.424889
55900,-831.563818
55908,-831.563818
55916,-23.009417
56056,-23.009417
56104,-23.009417
56148,-12.280189
56176,-12.280189
56268,-24.110828
56348,-6.096341
56524,-6.096341
56560,-65.576353
56604,-108.585592
56684,-51.242829
57172,-110.122385
57184,-110.122385
57308,-1.43787
57312,-1.43787
57352,-1.43787
57424,-898.716691
57528,-20.266712
57540,-20.266712
57560,-39.750964
57596,-39.750964
57688,-10.342548
57780,-877.579977
57796,-877.579977
57828,-84.985149
57856,-10.907677
57952,-35.070768
57964,-35.070768
57996,-35.070768
58044,-35.070768
58112,-35.070768
58148,-35.070768
58420,-20.133071
58520,-20.133071
58704,-20.133071
58928,-20.133071
58936,-20.133071
59292,-20.133071
59316,-20.133071
59468,-20.133071
59488,-20.133071
59524,-20.133071
59592,-20.133071
59656,-20.133071
59740,-20.133071
59820,-20.133071
59888,-20.133071
59968,-20.133071
60052,-20.133071
60088,-20.133071
60204,-20.133071
60616,-20.133071
60684,-912.783856
60888,-912.783856
61076,-912.783856
61364,-912.783856
61680,-912.783856
61688,-831.456439
61780,-26.371811
61828,-851.073952
61916,-851.073952
62016,-29.713412
62044,-29.713412
62068,-11.0386
62116,-11.0386
62420,-831.842993
62500,-831.842993
62844,-831.842993
63008,-831.842993
63488,-831.842993
63560,-175.388745
63632,-175.388745
63876,-175.388745
63888,-175.388745
63964,-134.059713
64012,-134.059713
64052,-134.059713
64116,-134.059713
64168,-33.39121
64272,-23.751483
64292,-23.751483
64480,-23.751483
64512,-41.629798
64632,-15.40425
64684,-824.648247
64700,-17.627869
64708,-17.627869
64792,-0.272551
64808,-0.272551
64852,-0.272551
65000,-0.272551
65004,-67.486119
65076,-70.710872
65120,-70.710872
65208,-47.633225
65264,-47.633225
65436,-49.115798
65640,-49.115798
65672,-49.115798
65692,-49.115798
65700,-43.940404
65804,-120.298521
65828,-809.075317
65852,-8.387034
65916,-8.387034
65964,-44.078536
65984,-20.053699
66008,-11.53626
66068,-898.22512
66180,-37.689629
66212,-37.689629
66264,-10.235229
66544,-10.235229
66620,-110.092004
66816,-53.242468
66884,-189.676363
66948,-14.977677
66960,-11.923149
67072,-34.882579
67088,-18.775369
67096,-18.775369
67264,-69.552609
67268,-69.552609
67340,-56.505626
67616,-96.937787
67752,-74.33588
67772,-20.297949
67856,-19.100229
67976,-21.307847
68156,-80.78889
68468,-52.022783
68480,-52.022783
68656,-52.022783
68884,-128.925012
68924,-3.227083
69028,-204.225849
69064,-204.225849
69092,-49.669182
69256,-31.758117
69372,-64.848332
69536,-57.272188
69640,-19.405175
69672,-19.405175
69692,-19.405175
69716,-19.405175
69748,-19.405175
69764,-19.405175
69876,-19.405175
69984,-794.742547
70016,-56.272567
70068,-756.370704
70164,-756.370704
70276,-47.389026
70288,-166.277749
70332,-166.277749
70364,-27.233154
70380,-27.233154
70412,-27.233154
70472,-27.233154
70596,-27.233154
70604,-27.233154
70732,-112.544121
70980,-112.544121
71016,-112.544121
71064,-112.544121
71156,-112.544121
71196,-112.544121
71268,-112.544121
71340,-112.544121
71448,-112.544121
71516,-112.544121
71524,-112.544121
71564,-112.544121
71568,-112.544121
71596,-352.371149
71676,-352.371149
71684,2.445633
71712,2.445633
71732,2.445633
71812,2.445633
71836,-16.980665
71896,-16.980665
71904,-16.980665
71932,-16.980665
71940,-16.980665
71956,-16.980665
72056,-16.980665
72204,-16.980665
72216,-102.62224
72276,-102.62224
72372,-102.62224
72516,-102.62224
72580,-102.62224
72684,-102.62224
72708,-102.62224
72748,-102.62224
72824,-102.62224
72912,-102.62224
73016,-102.62224
73020,-102.62224
73028,-102.62224
73140,-102.62224
73164,-102.62224
73204,-102.62224
73392,-102.62224
73428,-102.62224
73452,-102.62224
73488,-102.62224
73492,-102.62224
73624,-102.62224
73716,-102.62224
73772,-102.62224
73848,-102.62224
73960,-102.62224
73984,-772.477713
74080,-772.477713
74096,-772.477713
74108,-27.673387
74216,-14.46977
74248,-14.46977
74276,-858.553215
74348,-858.553215
74440,-858.553215
74444,-58.782581
74572,-58.782581
74732,-794.460199
74780,-794.460199
74856,-794.460199
74908,-794.460199
75052,-74.321332
75116,-74.321332
75180,-74.321332
75344,-74.321332
75432,-74.321332
75496,-74.321332
75676,-74.321332
75704,-74.321332
75832,-176.300056
76072,-176.300056
76172,-58.99105
76192,-58.99105
76216,-791.699229
76244,-2.317669
76252,-2.317669
76512,-46.251048
76580,-46.251048
76612,-67.740563
76664,-16.854725
77196,-91.496998
77292,-222.648358
77324,-24.590037
77380,-39.44483
77464,-4.103829
77488,-4.103829
77556,-0.543645
77704,-0.543645
77884,-77.150132
78056,-114.023312
78080,-114.023312
78128,-114.023312
78132,-114.023312
78228,-114.023312
78276,-810.122535
78508,-810.122535
78536,-19.878358
78556,-141.159827
78656,-141.159827
78668,-36.916241
78712,-173.043891
78732,-766.829811
78784,-14.083931
78888,-60.288538
78900,-60.288538
78980,-124.505414
78996,-124.505414
79008,-28.436829
79048,-18.87277
79092,-18.87277
79192,-52.253714
79232,-28.953018
79240,-28.953018
79372,-19.37797
79388,-34.488293
79424,0.190416
79432,0.190416
79504,0.190416
79668,0.190416
79740,-89.337725
79812,-89.337725
79852,-28.091056
79928,-28.091056
79968,-156.914339
79996,-38.713561
80096,-31.236648
80200,-32.298041
80252,-32.298041
80256,-32.298041
80288,-32.298041
80360,-45.711431
80396,-45.711431
80420,-13.509689
80456,-107.4741
80488,-107.4741
80548,-24.771719
80580,-24.771719
80692,-40.930219
80700,-113.480757
80808,-113.480757
80820,-39.777417
80832,-39.777417
80844,-15.264118
80924,-15.264118
80976,-39.924697
80984,-39.924697
81032,-24.445759
81040,-24.445759
81148,-24.445759
81156,-26.451789
81236,-26.451789
81372,-26.451789
81384,-34.218235
81432,-34.218235
81836,-132.848415
81984,14.813311
82044,5.301826
82180,-32.802798
82668,-792.471882
82888,-788.084397
82904,-66.402176
83260,-43.953269
83316,-21.0265
83504,-21.0265
83680,-132.982054
83900,-103.686079
84536,-148.631451
84624,-9.776704
84920,-9.776704
84924,-9.776704
85236,-9.776704
85280,-9.776704
85372,-9.776704
85384,-743.417512
85416,-743.417512
85424,-743.417512
85432,-743.417512
85520,-743.417512
85544,-743.417512
85972,-743.417512
86036,-743.417512
86100,-743.417512
86180,-751.932159
86220,-751.932159
86248,-751.932159
86360,-38.875346
86464,-2.435892
86472,-2.435892
86504,-2.435892
86528,-13.284778
86552,-13.284778
86620,-22.037151
86928,-22.037151
87152,-22.037151
87380,-22.037151
87680,-701.28397
87732,-4.6157
87772,-4.6157
88424,-4.6157
88624,-718.9237
89384,-733.719859
89416,-733.719859
89496,-733.719859
89520,-733.719859
89580,-733.719859
89652,-733.719859
89688,-733.719859
89768,-733.719859
89808,-733.719859
90088,-733.719859
90204,-733.719859
90256,-733.719859
90420,-733.719859
90440,-733.719859
90620,-772.007141
91168,-29.777015
91196,-29.777015
91372,-49.772305
91380,-49.772305
91520,-49.772305
91704,-49.772305
91732,-714.444035
91912,-714.444035
92424,-714.444035
92488,-714.444035
92624,-763.444314
92632,-763.444314
93144,-77.282487
93384,-714.944655
93432,-0.562688
93536,10.278029
93548,10.278029
93688,10.278029
93732,10.278029
93876,-92.684826
94116,-92.684826
94220,-102.535368
94420,-102.535368
94512,-16.549784
94540,-16.549784
94668,-16.549784
94868,-16.549784
95040,-16.549784
95196,-16.549784
95300,-16.549784
95336,-16.549784
95372,-674.550274
95392,-674.550274
95544,-41.707864
95680,-41.707864
95728,-22.836221
95732,-626.979134
95832,-306.273322
95864,-5.259774
95892,-5.259774
95912,-5.259774
96004,-45.652977
96024,-45.652977
96100,-45.652977
96252,-45.652977
96308,-53.699159
96440,-19.725692
96476,-19.725692
96612,-19.725692
96616,-107.192117
96620,-4.817199
96808,-4.817199
96812,-20.494574
96828,-53.398417
96968,-53.398417
97144,-621.994767
97208,-621.994767
97212,-621.994767
97368,-48.427414
97384,-48.427414
97572,-48.427414
97584,-34.257276
97588,-80.157923
97644,-13.59395
97668,-13.59395
97800,-26.789927
97864,-26.789927
98000,-26.789927
98204,-151.711021
98440,-151.711021
98500,-151.711021
98756,-151.711021
99036,-188.441314
99040,-188.441314
99312,-188.441314
99344,-22.34616
99432,-22.34616
99532,-10.971832
99628,-40.999296
99732,-608.311468
99744,-608.311468
99832,-39.158393
99920,5.739494
99964,5.739494
100024,5.739494
100152,5.739494
100236,5.739494
100320,-63.738435
100372,-15.953642
100452,-25.389871
100540,-23.344495
100720,-23.344495
100828,-686.697613
100912,-60.883682
101012,-7.903233
101196,-75.34525
101260,-75.34525
101368,-39.567052
101476,14.951139
101532,14.951139
101584,14.951139
101612,3.838035
101668,3.838035
101720,3.838035
101800,-709.134505
101820,-709.134505
101904,-709.134505
101968,-52.81512
102052,-52.81512
102084,-8.088578
102316,-25.710193
102348,-25.710193
102436,-25.710193
103036,-25.710193
103920,-627.424164
104116,-627.424164
104124,-52.916104
104152,-52.916104
104212,-52.916104
104372,-52.916104
104420,-52.916104
104472,-52.916104
104588,-52.916104
104700,-52.916104
104924,-52.916104
105016,-52.916104
105092,-52.916104
105196,-647.175297
105608,-647.175297
105696,-647.175297
105800,-649.153279
105820,-649.153279
105872,-22.940765
105892,-22.940765
105956,-22.940765
106032,-22.940765
106072,-22.940765
106092,-22.940765
106168,-22.940765
106176,-41.021183
106232,-11.57575
106268,-0.838771
106284,-0.838771
106316,-642.912555
106372,-642.912555
106436,-642.912555
106588,-57.309889
106680,-14.439562
106856,-16.750171
107120,-16.750171
107156,-39.542412
107272,8.088214
107540,-39.926274
107596,-39.926274
107912,-38.296823
107920,-38.296823
108124,-700.741032
108636,-92.863999
108796,-37.688563
108888,1.844122
108900,1.844122
109108,1.844122
109164,1.844122
109196,-668.930641
109228,-668.930641
109340,-17.580036
109552,-10.634157
109752,-10.634157
109896,-58.605694
109904,-58.605694
110072,-58.605694
110128,-58.605694
110168,-58.605694
110268,-619.420702
110336,-619.420702
110352,-619.420702
110404,-619.420702
110436,-619.420702
110568,-619.420702
110584,-619.420702
110648,-62.740527
110808,-12.458948
110832,-12.458948
110880,-8.024194
110920,-166.322447
110956,-166.322447
110984,-8.742197
111052,-14.901434
111060,-14.901434
111088,-14.901434
111176,-14.901434
111180,-14.901434
111332,-37.363953
111476,-37.363953
111524,-37.363953
111912,-576.659669
112008,-576.659669
112120,-9.366622
112172,-9.366622
112300,-9.366622
112412,-9.366622
112420,-61.190172
112524,-61.190172
112640,-48.983313
112648,-48.983313
112700,-48.983313
112888,-562.18781
113088,-80.164433
113216,-47.117186
113400,-118.045431
113420,-118.045431
113444,-5.416813
113656,-22.200016
113824,-37.000397
114004,-10.426926
114020,-20.413346
114084,1.930708
114128,1.930708
114220,1.930708
114272,-47.435407
114296,-47.435407
114320,0.665543
114332,0.665543
114340,0.665543
114612,0.665543
114644,0.665543
114688,-105.814495
114736,-23.558308
114956,-23.558308
114984,-591.100424
115020,-591.100424
115028,-591.100424
115156,-591.100424
115168,-16.687993
115280,-20.626655
115332,-661.927796
115404,6.241809
115580,-34.710255
115584,-34.710255
115676,-34.710255
115696,-14.019535
115712,-14.019535
115808,-14.019535
116008,-14.019535
116276,-14.019535
116284,-14.019535
116336,-231.73118
116408,-91.52863
116412,-91.52863
116440,-15.613357
116544,-21.101748
116760,-21.101748
116924,-21.101748
116928,-44.346871
116968,-44.346871
117136,-126.771439
117556,-98.951181
117616,-16.724672
117632,-115.840764
118040,-62.577999
118108,-45.751526
118256,-32.218915
118320,-621.027096
118476,-21.558264
118584,-26.618256
118600,-42.488807
118612,-42.488807
118648,-6.217927
118696,-10.55706
118940,-10.55706
119064,-40.307108
119088,-40.307108
119172,-40.307108
119280,-613.741451
119328,-7.776385
119364,-7.776385
119400,-163.915115
119436,-163.915115
119464,-29.699331
119472,-9.197737
119576,-0.967489
119624,1.383425
119740,-41.118131
119900,-3.052104
119972,-14.986384
120044,-14.986384
120088,-2.127777
120212,-2.127777
120284,-2.127777
120308,-2.127777
120372,-2.127777
120412,-2.127777
120424,-2.127777
120592,-2.127777
120668,-2.127777
120688,-2.127777
120764,-2.127777
120968,-2.127777
121096,-2.127777
121124,-2.127777
121436,-2.127777
121508,-2.127777
121544,-2.127777
121696,-2.127777
121828,-2.127777
121896,-2.127777
122108,-583.742482
122288,-583.742482
122380,-13.492128
122504,-13.492128
122528,-35.256407
122740,-9.949398
122796,-9.745261
122944,-9.745261
123312,-9.745261
123464,-548.689394
123480,-548.689394
123532,-7.214377
123592,-120.107885
123644,-20.303439
123740,-473.331635
123980,-473.331635
123988,-60.984057
124032,-31.191678
124088,-508.431626
124104,-108.391695
124116,-108.391695
124320,-43.86218
124340,13.477102
124412,-72.764725
124544,-25.859037
124560,4.900689
124656,-71.765028
124668,-71.765028
124680,-95.21012
124700,-95.21012
124732,-30.398461
124784,14.795237
124840,-12.037806
124892,-12.037806
124980,-35.929744
125004,-95.998591
125016,-95.998591
125200,-60.350635
125268,-114.204198
125292,-23.619938
125332,-6.566331
125428,-6.566331
125436,-6.566331
125524,-6.566331
125544,-6.566331
125636,-6.566331
125768,-39.981129
125816,-39.981129
125824,-39.981129
125832,-39.981129
125940,-39.981129
126260,-39.981129
126428,-39.981129
126624,-39.981129
126632,-39.981129
126684,-118.521034
126784,-118.521034
127612,-118.521034
127912,-118.521034
128036,-118.521034
128096,-118.521034
128840,-610.703475
129004,-530.95766
129076,-1.325864
129332,-580.282092
129380,-40.934399
129412,3.585562
129580,-29.329588
129672,-49.777858
129832,-49.777858
129940,-49.777858
129952,-111.423779
129976,-111.423779
129996,-84.501199
130052,-84.501199
130068,-22.409785
130164,-22.409785
130244,-52.158189
130452,-52.158189
130524,-26.784251
130668,-42.333593
130684,-516.482874
130732,2.03309
130784,2.03309
130860,2.03309
130876,2.03309
130944,-16.213623
130948,-16.213623
130972,-16.213623
131052,-16.213623
131064,-65.475242
131108,-40.3412
131324,-14.445686
131424,-14.445686
131448,-47.723982
131500,-9.286669
131520,-9.286669
131656,-9.286669
131708,-52.355036
131764,-52.355036
131796,-6.993253
132000,-35.2861
132096,-35.2861
132200,-35.2861
132212,-35.2861
132220,-8.216586
132276,-8.216586
132356,-8.216586
132492,-47.204143
132716,-25.636109
132744,-25.636109
132824,-25.636109
133132,-25.636109
133216,-25.636109
133296,-129.973358
133660,-51.771256
133672,-483.119996
133896,-28.692554
133940,-28.692554
134204,-56.694425
134224,-27.891895
134352,-27.891895
134684,-549.590949
134772,-12.106314
134896,-12.106314
134948,-12.106314
135040,-12.106314
135288,-12.106314
135368,-200.335818
135500,-479.676176
135616,-113.633639
135652,-113.633639
135796,-113.633639
135824,-78.469882
135836,-78.469882
135868,-78.469882
135948,-34.255896
136004,-34.255896
136032,-16.623502
136112,-16.623502
136284,-16.623502
136360,-25.154172
136620,-25.154172
136744,-25.154172
136748,-53.366202
136772,-123.49316
136808,-122.224514
136816,-122.224514
136928,-122.224514
137016,-13.210287
137040,-13.210287
137112,-56.626704
137184,-31.630437
137216,-31.630437
137428,-45.431442
137584,-45.431442
137784,-45.431442
137868,-45.431442
137880,-45.263542
137904,-68.85148
137968,-18.312575
138144,-42.439229
138224,-489.495587
138260,-489.495587
138264,-21.713319
138448,-63.044509
138532,-15.236677
138756,-48.626081
138948,-48.626081
138968,-30.409722
139020,-10.545024
139164,-14.723911
139204,-6.493031
139836,-6.493031
139924,-6.493031
140120,-6.493031
140316,-6.493031
140520,-6.493031
140772,-438.878262
141040,-438.878262
141112,-438.878262
141240,-438.878262
141560,-438.878262
141584,-438.878262
141600,-438.878262
141960,-438.878262
142224,-459.253315
142332,-459.253315
142448,-454.791362
142476,-454.791362
142752,-69.314251
142868,-86.668582
142948,-86.668582
143148,-86.668582
143204,-396.360892
143236,-396.360892
143256,-396.360892
143268,-396.360892
143344,-396.360892
143420,28.300078
143540,5.571523
143808,5.571523
143880,5.571523
143916,-49.831055
143992,-13.495822
144064,-13.495822
144096,-13.495822
144160,-13.495822
144388,-13.495822
144592,-13.495822
144760,-13.495822
144772,-487.212695
144912,-487.212695
145012,-487.212695
145088,-487.212695
145240,-22.054501
145328,-22.054501
145560,-22.054501
145596,-22.054501
145704,-81.351547
145776,-81.351547
145912,-81.351547
145932,-81.351547
145992,-81.351547
146056,-81.351547
146284,-81.351547
146332,-81.351547
146420,-81.351547
146484,-81.351547
146752,-516.094161
146784,-516.094161
146800,-516.094161
146868,-551.239275
146888,-551.239275
146928,-3.978659
147004,-4.534741
147064,-4.534741
147108,11.02848
147124,11.02848
147152,11.02848
147176,1.261918
147272,1.261918
147344,1.261918
147444,1.261918
147596,1.261918
147836,1.261918
147988,1.261918
147992,-466.834269
148056,-466.834269
148068,-466.834269
148120,-26.772545
148144,-133.845671
148172,-133.845671
148204,-114.15534
148324,-19.242424
148368,-29.193629
148392,-25.600404
148520,-5.254131
148672,12.727065
148680,12.727065
149380,-119.441268
149432,-119.441268
149452,4.88454
149704,-509.373803
149864,-42.47844
149912,-42.47844
150016,-3.003072
150148,-3.003072
150188,-36.003138
150216,-36.003138
150424,-39.025241
150452,-39.025241
150548,-39.025241
150684,-39.025241
150748,-39.025241
150836,-39.025241
151028,-25.54609
151040,-25.54609
151164,10.008322
151344,10.008322
151636,-91.51573
151724,-91.51573
151772,-14.748906
152056,-14.748906
152060,-14.748906
152316,-14.748906
152324,-411.424934
152464,-411.424934
152640,-411.424934
152672,-472.849487
152864,-472.849487
153060,-472.849487
153120,-472.849487
153264,-121.123957
153396,-121.123957
153436,-28.850923
153532,-28.850923
153592,-28.850923
154016,-331.923698
154144,-3.937363
154204,-0.618997
154264,-0.618997
154512,-0.618997
154764,-122.338054
154836,-122.338054
154848,-122.338054
155072,-122.338054
155092,-122.338054
155236,-122.338054
155332,-122.338054
155344,-122.338054
155444,-122.338054
155456,-122.338054
155504,-122.338054
155604,-122.338054
155772,-401.426069
155912,-401.426069
156004,-401.426069
156056,-401.426069
156324,-346.323823
156396,-346.323823
156424,-346.323823
156428,15.402519
156600,-11.234075
156632,-11.234075
156732,-108.174451
156764,-108.174451
156820,-8.328812
156884,-4.089079
156964,-6.94025
157088,-7.959779
157096,-7.959779
157240,-7.959779
157252,-24.387687
157292,-24.387687
157436,-443.693578
157680,-443.693578
157700,-5.73137
157868,-51.149109
158004,-3.290505
158276,-6.098932
158544,-52.417415
158764,-427.938241
158896,-4.942826
159240,-52.637385
159340,1.916304
159444,1.916304
159540,1.916304
159596,-111.74855
159612,-111.74855
159940,-111.74855
160124,-118.113909
160568,-30.340554
160756,8.560274
160964,-339.649709
160980,-1.540061
161240,-1.540061
161252,-389.472514
161292,-389.472514
161356,-389.472514
161516,-68.276305
161600,-68.276305
161624,12.124767
161680,12.124767
161788,-5.664112
161840,-19.564523
161876,-19.564523
161936,-28.793082
162080,-28.793082
162180,-28.793082
162208,-28.793082
162264,-26.388173
162308,-72.630634
162340,5.619223
162388,5.619223
162496,-10.900271
162552,-10.900271
162580,-10.900271
162632,-10.900271
162756,-20.723502
162812,-20.723502
162840,-20.723502
162896,-20.723502
162928,-20.723502
163044,-20.723502
163096,-20.723502
163152,-20.723502
163228,-65.942453
163260,-65.942453
163380,-19.394331
163596,-333.177309
163684,-333.177309
163720,-333.177309
163940,-333.177309
164024,-85.150659
164076,-85.150659
164376,-23.894552
164584,-27.492666
164680,-27.00982
164828,-27.00982
164888,-27.00982
164912,-39.943356
164964,-351.706581
165192,-38.119531
165232,-38.119531
165244,-5.804684
165360,-2.534586
165412,-2.534586
165572,-15.035434
166048,-15.035434
166308,-334.454809
166396,-334.454809
166436,3.230361
166600,3.230361
166720,-40.023293
166928,-40.023293
166980,-11.271429
167000,-11.271429
167008,-11.271429
167144,-10.302905
167256,-10.302905
167336,-10.302905
167372,-6.467275
167516,-16.071541
167524,-16.071541
167620,-13.343966
167628,-13.343966
167684,-13.343966
167736,-13.343966
167876,-13.343966
168076,-13.343966
168132,-13.343966
168144,-13.343966
168192,-13.343966
168260,-13.343966
168332,-13.343966
168476,-78.011353
168536,-78.011353
168620,-78.011353
168680,-240.11429
168820,8.5326
168864,8.5326
168892,8.5326
168908,8.5326
168912,-406.081819
168948,-406.081819
168964,-406.081819
169008,-406.081819
169052,-8.77833
169236,-75.927524
169248,-26.584785
169440,-26.587292
169472,-26.587292
169568,-26.587292
169572,-318.780279
169660,-318.780279
169688,-318.780279
169712,-38.718376
169760,-57.253983
169764,-57.253983
169812,-14.868467
169912,-14.868467
169920,-14.868467
170000,-14.868467
170276,-14.868467
170300,-5.729432
170332,-52.610865
170364,-52.610865
170548,-52.610865
170556,11.281085
170640,11.281085
170728,11.281085
170780,-22.048234
170808,-22.048234
171028,-31.734888
171336,-31.734888
171392,-31.734888
171472,-31.734888
171544,-31.734888
171700,-31.734888
171740,-53.043815
171872,-21.134433
171896,-21.134433
171960,-21.134433
172060,-6.83142
172120,-6.83142
172188,-2.294545
172208,-2.294545
172564,-2.294545
172624,-2.294545
172752,-2.294545
172956,-2.294545
173052,-364.87803
173120,-364.87803
173236,-309.656254
173576,-26.952902
173676,-11.415057
173952,-22.291581
174548,-22.291581
174640,-22.291581
174728,-22.291581
174756,-22.291581
174780,-401.270042
174880,-401.270042
174940,6.446255
175340,-24.268866
175420,-24.268866
175556,-24.268866
175584,-7.364915
175660,-7.364915
175828,-7.364915
175996,-7.364915
176044,-7.364915
176188,-284.758983
176208,-284.758983
176256,-284.758983
176320,-284.758983
176436,-284.758983
176456,-284.758983
176548,-284.758983
176800,-44.124067
176808,-44.124067
176864,-44.124067
176872,5.035937
176932,14.672552
177120,14.672552
177176,14.672552
177236,-344.346182
177488,-344.346182
177660,-344.346182
177744,-24.114782
177952,-372.475563
178236,-372.475563
178260,-18.371968
178320,-15.184476
178344,-4.826489
178400,-2.589595
178404,-2.589595
178452,-6.851327
178724,-6.851327
178796,-39.72939
178848,-39.72939
178904,7.81311
179112,7.81311
179564,7.81311
179584,-330.433017
179672,21.982607
179796,13.669378
179828,13.669378
179860,-30.668073
179876,-30.668073
179996,-1.61506
180168,-1.61506
180192,-17.046044
180260,7.945829
180332,7.945829
180396,7.945829
180464,7.861518
180504,7.861518
180528,7.861518
180636,12.750134
180648,21.286865
180864,21.286865
180892,-9.696415
180932,-272.622945
180952,-272.622945
181032,-272.622945
181044,-25.717926
181092,-25.717926
181256,-25.717926
181412,-25.717926
181460,21.798638
181488,21.798638
181532,-2.843866
181580,-4.102788
181624,-4.102788
181652,-4.102788
181784,-57.331871
181892,-57.331871
181916,-57.331871
181988,-57.331871
182028,-57.331871
182052,-11.000861
182104,-11.000861
182152,-11.000861
182172,-11.000861
182276,-11.000861
182296,-11.000861
182316,-18.29869
182452,-276.504829
182536,-276.504829
182584,-276.504829
182752,-276.504829
182804,-40.369
182936,-40.369
182996,-1.474875
183224,-1.474875
183376,-1.777777
183656,-1.777777
183796,28.735953
184348,28.735953
184556,28.735953
185044,-242.768319
185200,-242.768319
185312,-242.768319
185468,-23.075629
185580,-255.723397
185652,-255.723397
185764,-11.503414
185844,-11.503414
186036,-11.503414
186124,-11.503414
186180,-51.658628
186284,13.727889
186296,13.727889
186352,13.727889
186372,-4.646299
186452,-277.710731
186752,-277.710731
186844,-277.710731
186892,-277.710731
187196,-277.710731
187204,-277.710731
187280,-277.710731
187388,-277.710731
187428,-277.710731
187472,-277.710731
187656,-277.710731
187796,-258.872619
187900,-258.872619
187908,-258.872619
188404,-258.872619
189020,-258.872619
189280,-258.872619
189312,-258.872619
189764,-296.456583
189848,-296.456583
190120,-296.456583
190372,-203.597443
190452,-290.820362
190496,-290.820362
190520,-10.306595
190564,-10.306595
190660,20.393831
190736,20.393831
190988,-43.5385
191028,-43.5385
191136,-43.5385
191192,-38.953711
191436,33.615406
191488,-134.622154
191584,-4.717169
191668,-4.717169
191680,9.460783
191708,9.460783
191796,-318.668778
191808,-318.668778
191900,-318.668778
191972,-13.934051
192044,-13.934051
192116,-5.305361
192208,-5.305361
192380,-5.305361
192976,-51.263646
193168,-51.263646
193260,-51.263646
193312,-51.263646
193388,-29.295759
193516,-13.642176
193524,-13.642176
193580,-13.642176
193600,5.139468
193756,5.139468
193772,5.139468
194360,5.139468
194496,5.139468
194520,-213.495882
194560,-213.495882
194840,-213.495882
195016,-213.495882
195092,-213.495882
195216,-213.495882
195396,-55.37121
195508,-55.37121
195584,-233.705554
195624,-88.527352
195752,-88.527352
195772,-88.527352
195912,-88.527352
195972,-88.527352
195976,11.715738
196016,11.715738
196028,21.699821
196116,-253.569625
196128,-253.569625
196244,-253.569625
196352,-253.569625
196372,10.206506
196380,-18.634682
196540,-18.634682
196624,12.743625
196636,12.743625
196720,12.743625
196724,12.743625
196848,-36.194952
196884,-36.194952
196932,-36.194952
197088,-1.888038
197152,-1.888038
197264,12.221299
197280,-45.875954
197312,-2.226531
197588,-24.726732
197608,-24.726732
197892,-7.156836
198040,-7.156836
198052,-0.586939
198292,-16.90054
198396,16.930366
198560,16.930366
199192,16.930366
199396,-185.006124
199972,-185.006124
200016,-185.006124
200064,-185.006124
200216,-185.006124
200232,-185.006124
200424,-100.71582
200512,17.989889
200932,17.989889
200948,17.989889
201096,17.989889
201264,-217.274635
201296,-217.274635
201436,-217.274635
201484,5.582075
201560,5.582075
201628,5.582075
201684,5.582075
201724,-81.060778
201744,-81.060778
201996,-81.060778
202032,-81.060778
202040,-81.060778
202052,-190.378783
202156,-190.378783
202236,-190.378783
202384,-190.378783
202396,-190.0281
202612,-190.0281
202668,-190.0281
202708,-190.0281
202724,21.318791
202852,21.318791
202888,-14.978583
203072,11.830225
203196,11.830225
203268,16.249865
203504,16.249865
203608,16.249865
203724,16.249865
203744,16.249865
203884,16.249865
204012,16.249865
204132,16.249865
204136,16.249865
204216,16.249865
204704,16.249865
205072,16.249865
205300,16.249865
205416,16.249865
205484,-227.150974
205572,23.662212
205660,23.662212
205724,-165.385593
205836,-10.539783
205856,-10.539783
205968,-10.539783
205996,-9.065205
206052,-104.54082
206152,-104.54082
206188,4.504486
206232,4.504486
206400,4.504486
206496,-22.665375
206596,-22.665375
206612,-22.665375
206684,-34.165877
206780,-34.165877
206916,-34.165877
207156,-34.165877
207180,-13.698739
207268,-130.267334
207472,28.397561
208188,-45.63404
208216,-45.63404
208296,-45.63404
208336,-45.63404
208536,-45.63404
208912,-45.63404
210052,-188.943266
210400,-188.943266
210440,-38.365507
210484,-38.365507
210592,-38.365507
210596,-38.365507
210684,-159.836399
210720,-159.836399
210768,-159.836399
210880,-16.749736
211084,-26.651118
211156,-26.651118
211180,-139.37821
211296,-139.37821
211780,-16.979078
211852,-72.582949
211968,-25.365109
212056,-0.297714
212188,-205.156058
212240,-32.727222
212356,-23.976053
212528,-71.595946
212564,5.584074
212684,-23.000596
212836,-38.852014
212904,-24.886872
212912,-24.886872
212972,10.589999
213072,37.728185
213160,26.990042
213364,26.990042
213500,-0.406649
213564,-6.771529
213648,4.176254
214040,-15.69801
214108,-89.042271
214256,-11.897216
214396,10.553429
214716,-58.806635
214720,-58.806635
214796,-58.806635
214880,-58.806635
214936,-58.806635
215104,-77.585203
215296,-77.585203
215392,-77.585203
215456,-31.242754
215476,-31.107786
215656,-31.107786
215660,-13.975434
215708,-13.975434
215716,-0.153396
215900,27.867939
216004,27.867939
216284,27.867939
216460,27.867939
216688,27.867939
216972,-116.850497
217108,-116.850497
217352,-116.850497
217364,-116.850497
217616,-116.850497
217700,-10.662398
218356,-10.662398
218412,-27.341373
218536,-27.341373
218796,-27.341373
218896,-27.341373
219064,-19.65229
219104,-144.787348
219188,-144.787348
219344,-144.787348
219392,-144.787348
219560,38.615452
219696,38.615452
219716,-104.505685
219772,-104.505685
219824,-104.505685
219900,-147.792657
219904,-147.792657
220268,13.170681
220296,13.170681
220300,8.451249
220592,-6.397411
220652,-1.987458
220812,-4.092712
221352,-4.092712
221700,-3.134187
221748,-46.306616
221872,-46.306616
222120,-15.837515
222140,-15.837515
222348,-15.837515
222424,-15.837515
222796,-15.837515
222928,-33.737481
223048,-33.737481
223064,-47.528266
223204,-47.528266
223260,20.100287
223716,-37.6623
223780,-37.6623
223824,-37.6623
223884,-37.6623
223896,-55.615246
223952,-55.615246
224056,2.419674
224296,2.419674
224372,-4.783942
224860,-4.783942
225116,-4.783942
225472,-4.783942
225584,30.482499
225700,-81.652956
225832,-7.292873
225892,9.480833
226424,9.480833
226476,-62.994062
226892,-62.994062
227160,-62.994062
227220,-62.994062
227464,-62.994062
227592,-62.994062
227716,-70.87399
227776,1.450983
227952,1.450983
228048,1.450983
228056,-189.58457
228124,-189.58457
228136,-189.58457
228296,-189.58457
228428,-189.58457
228600,3.670973
228624,3.670973
228940,3.670973
228956,3.670973
229012,-69.178149
229068,-69.178149
229132,-69.178149
229136,-69.178149
229144,-15.152702
229180,29.424248
229204,29.424248
229356,29.424248
229524,29.424248
229692,29.424248
229788,29.424248
229892,-72.255442
230028,-72.255442
230164,-72.255442
230220,-72.255442
230324,-72.255442
230344,-72.255442
230476,-93.437788
230504,-93.437788
230676,14.296546
230744,14.296546
230764,14.296546
230932,11.331498
230944,11.331498
231108,11.331498
231308,11.331498
231480,11.331498
231580,11.331498
231588,38.335787
231596,38.335787
231780,38.335787
231868,38.335787
231956,38.335787
232024,38.335787
232104,38.335787
232116,38.335787
232216,38.335787
232344,38.335787
232356,38.335787
232520,38.335787
232632,38.335787
232700,38.335787
232708,38.335787
232808,38.335787
232816,38.335787
232828,-17.021574
233068,-17.021574
233116,-17.021574
233144,-48.777123
233180,-34.160081
233196,-34.160081
233264,9.052932
233468,9.052932
233508,-42.285781
233548,-42.285781
233560,3.765877
233628,-16.009743
233632,-16.009743
233712,-16.009743
233840,-16.009743
233896,-16.009743
233964,-16.009743
234008,-16.009743
234104,-16.009743
234172,-16.009743
234220,-16.009743
234380,-16.009743
234452,-16.009743
234472,24.978613
234640,24.978613
234728,24.978613
234736,24.978613
234752,24.978613
234836,24.978613
234840,24.978613
234892,24.978613
234956,2.000753
234980,2.000753
235144,2.000753
235168,2.000753
235220,1.742849
235240,-22.656458
235368,-22.656458
235392,-3.092432
235588,-32.794222
235624,-51.953967
235656,-51.953967
235696,-34.809806
235920,-0.2471
235932,-0.2471
236040,2.638659
236160,2.638659
236232,2.337012
236332,2.337012
236372,6.312136
236584,6.312136
236684,-19.268468
237144,-38.569389
237336,43.932544
238008,43.932544
238384,43.932544
238556,43.932544
238896,43.932544
238980,43.932544
239300,43.932544
239368,43.932544
239920,-40.872461
240040,-7.898961
240096,-7.898961
240152,-7.898961
240344,-7.898961
240984,-7.898961
241096,57.469769
241144,46.098449
241160,46.098449
241336,-13.435075
241444,-13.435075
241700,-13.435075
242008,-13.435075
242200,-10.611619
242248,-10.611619
242356,-7.358085
242456,-7.358085
242980,-7.358085
242996,40.728817
243696,40.728817
243744,-27.704287
244040,-24.375896
244152,-24.375896
244300,-9.349262
244604,-9.349262
244608,-9.349262
244736,-25.959138
245020,24.561533
245096,-86.639454
245144,-134.304706
245168,11.621032
245236,-8.002434
245244,-21.077321
245392,-18.315941
245520,-18.315941
245636,7.560187
245668,7.560187
245700,7.560187
245848,24.903537
245952,24.903537
246076,24.903537
246088,-53.230579
246456,-53.230579
246480,-53.230579
246524,12.584748
246580,12.584748
246660,5.371511
246764,2.32603
246816,-2.839002
246820,-2.839002
246852,101.922055
247008,19.123982
247016,19.123982
247064,13.559951
247436,28.103204
247592,29.851951
247604,29.851951
247952,-65.250331
248188,-65.250331
248580,116.248267
248668,15.585253
248688,15.585253
248972,15.585253
249032,15.585253
249144,-0.941621
249236,-0.941621
249644,1.088265
249788,1.088265
249904,6.710584
249952,6.710584
250088,71.454172
250152,1.7475
250184,1.7475
250196,11.585965
250480,11.585965
250820,11.585965
250844,11.585965
250848,11.585965
251000,-56.725224
251032,-56.725224
251048,-56.725224
251064,43.65233
251240,43.65233
251284,16.796996
251308,16.796996
251316,16.796996
251324,60.104465
251372,4.240546
251384,4.240546
251416,4.240546
251484,4.240546
251512,-3.562864
251608,4.70357
251644,4.70357
251720,7.789076
251932,7.789076
251944,7.789076
251996,13.50688
252004,38.353984
252072,38.353984
252120,38.353984
252224,38.353984
252284,-15.994018
252288,-15.994018
252536,-15.994018
252552,-15.994018
252672,-15.994018
252700,4.693543
252920,7.787257
253224,7.787257
253664,30.453881
253808,30.453881
253860,30.453881
253904,28.08575
254016,24.623263
254076,-9.519854
254104,-9.519854
254160,-9.519854
254200,-9.519854
254304,16.680099
254408,-15.65594
254448,5.830404
254480,14.02105
254832,57.059582
255116,-1.606249
255196,-1.606249
255200,29.762495
255424,29.762495
255452,16.326603
255488,28.297719
255560,-11.869134
255608,-11.869134
255752,3.785642
255800,16.117002
255904,16.117002
255996,16.235539
256080,16.235539
256116,20.899754
256160,-16.264099
256488,-16.264099
256552,-16.264099
256740,-37.135443
256784,-2.682479
256792,-2.682479
256988,-2.682479
257192,-0.120153
257272,36.678106
257276,36.678106
257404,45.255788
257592,-76.655919
257868,55.156491
257988,55.156491
258160,55.156491
258164,3.19911
258700,3.19911
258724,-39.644074
258972,-39.644074
259032,5.893221
259904,5.893221
260552,5.893221
260620,5.893221
260716,5.893221
260996,5.893221
261176,5.893221
261272,27.009588
261404,26.884504
261592,31.382511
261600,31.382511
261696,31.382511
261904,-0.17082
261924,-0.17082
262160,-0.17082
262348,43.771954
262384,43.771954
262532,43.771954
262592,43.771954
262632,18.43951
262712,1.979858
262916,16.318327
262972,16.318327
262980,-1.723418
263032,25.811634
263080,-3.993256
263128,44.290342
263148,44.290342
263284,44.290342
263372,44.290342
263648,44.290342
263836,58.285257
263904,58.285257
263912,34.748517
264024,6.758823
264252,21.775241
264312,6.143284
264360,-1.609067
264400,61.214161
264432,-3.783888
264464,-3.783888
264468,186.653046
264652,22.732507
264716,22.732507
264792,22.732507
265484,22.732507
265788,-36.596346
265952,-22.505713
266160,-22.505713
266280,-22.505713
266572,-22.505713
266752,-22.505713
266768,-22.505713
267108,-22.505713
267176,-22.505713
267372,-22.505713
267688,-22.505713
267844,-22.505713
267980,-22.505713
267988,-22.505713
268104,-22.505713
268108,-22.505713
268352,-22.505713
268360,137.759845
268652,101.64146
268792,101.64146
268864,101.64146
268964,101.64146
269172,101.64146
269224,101.64146
269440,101.64146
269644,101.64146
269764,101.64146
269788,101.869323
269796,101.869323
269908,46.585417
269952,78.878136
270220,78.878136
270420,78.878136
270540,78.878136
270688,-61.107771
270948,-61.107771
270956,24.786412
271028,51.676014
271208,3.718753
271240,14.463624
271308,4.701025
271332,4.701025
271564,37.734942
271844,37.734942
271956,37.734942
272076,20.741373
272172,20.741373
272572,20.741373
272664,20.741373
272956,20.741373
272972,20.741373
273016,-2.292365
273056,-2.292365
273328,13.478481
273572,13.478481
273632,-2.575162
273660,-2.575162
273684,-0.942682
273788,135.345364
273908,134.039003
273996,20.550475
274132,-0.153012
274360,-0.153012
274440,-0.153012
274540,-0.153012
274668,-7.033993
274676,-7.033993
274812,28.348507
274860,28.348507
274924,8.641362
275080,83.818636
275116,-9.002076
275240,-3.865094
275300,1.952974
275408,14.516008
275580,14.516008
275588,13.198905
275716,13.198905
275828,13.198905
275956,13.198905
276220,13.198905
276500,13.198905
276732,13.198905
276932,13.198905
276956,13.198905
277088,13.198905
277424,13.198905
277880,13.198905
278132,96.653336
278268,96.653336
278428,4.835219
278444,4.835219
278480,-5.250707
278924,104.751174
279152,42.080837
279212,-0.258493
279408,60.709602
279476,2.795658
279556,29.487514
279588,147.836619
279716,147.836619
280092,0.118734
280100,0.118734
280308,71.965875
280380,71.965875
280384,5.679936
280424,2.522007
280436,6.917327
280452,6.917327
280932,6.917327
281072,6.917327
281088,6.917327
281176,6.917327
281236,6.917327
281576,6.917327
281596,6.917327
281732,6.917327
281840,6.917327
282444,6.917327
282924,124.202618
283556,133.180882
284192,133.180882
284304,31.836146
284424,-8.92878
284436,94.302759
284464,5.092223
285108,89.503913
285228,112.435042
285596,112.435042
285704,112.435042
285732,112.435042
285804,34.520954
285808,34.520954
285840,34.520954
285884,34.520954
286056,34.520954
286080,34.520954
286204,12.343256
286440,12.343256
286624,12.343256
286716,12.343256
286924,136.739856
286960,136.739856
287184,13.044329
287524,7.929206
287652,42.476384
287856,42.476384
288192,42.476384
288444,42.476384
288464,197.388969
288536,197.388969
288708,-28.119975
288872,-28.119975
288992,-28.119975
289056,46.515752
289108,65.393129
289400,16.116256
289420,16.116256
289760,16.116256
289808,16.116256
289824,51.32659
290112,51.32659
290204,86.741389
290296,86.741389
290304,55.145209
290420,55.145209
290484,55.145209
290588,55.145209
290720,73.373462
290740,73.373462
290860,47.121878
290872,47.121878
291024,22.772438
291040,22.772438
291076,22.772438
291124,10.94498
291148,42.358082
291204,42.358082
291208,7.972664
291216,7.972664
291400,7.972664
291420,0.948768
291584,6.440366
291652,228.979378
291772,228.979378
291816,228.979378
291856,228.979378
291980,39.62689
292192,39.62689
292432,39.62689
292700,-18.503731
292964,-18.503731
293008,52.463189
293080,10.103488
293300,10.103488
293416,10.103488
293748,10.103488
294160,10.103488
294340,168.310242
294776,168.310242
295124,175.594079
295248,175.594079
295420,147.9858
295456,9.88102
295592,9.88102
295740,9.88102
295892,-62.87687
295980,166.565239
296192,166.565239
296256,84.90241
296432,84.90241
296660,84.90241
296828,84.90241
297036,84.90241
297688,211.170192
297748,211.170192
297872,25.86664
297912,131.330382
297980,131.330382
298012,7.678194
298260,7.678194
298512,7.678194
298808,7.678194
298816,5.074675
299580,87.116793
299740,87.116793
299892,147.123212
299920,51.019648
299980,145.889335
300168,2.90865
300172,2.90865
300372,42.16526
300448,42.16526
300508,53.511096
300848,32.381886
300864,32.381886
301268,32.381886
301748,32.381886
301768,9.437522
301896,0.586767
301912,210.467809
301980,210.467809
302184,210.467809
302344,41.477121
302500,90.411557
302624,90.411557
302808,90.411557
302964,90.411557
303004,90.411557
303224,90.411557
303288,51.653924
303560,51.653924
303920,145.544047
304080,84.034605
304152,84.034605
304332,84.034605
304352,132.661794
304372,185.819312
304808,9.663588
304924,9.663588
305196,9.663588
305392,9.663588
305752,9.663588
306324,9.663588
306552,9.663588
306624,9.663588
306708,9.663588
306716,61.046882
306940,61.046882
307424,61.046882
307760,61.046882
307780,61.046882
307920,250.508257
307932,250.508257
308008,-3.390913
308056,-3.390913
308080,232.174463
308252,232.174463
308312,14.145439
308472,22.281945
308808,197.416253
308856,38.306287
308896,38.306287
309072,22.529609
309428,22.529609
309752,22.529609
309756,22.529609
310044,22.529609
310212,22.529609
310312,22.529609
310552,22.529609
310712,22.529609
310716,227.117398
310788,227.117398
310948,40.591653
311132,40.591653
311592,40.591653
311728,40.591653
311768,40.591653
311880,40.591653
312080,214.671202
312120,128.487094
312696,16.489944
312856,169.264771
313072,187.123612
313096,122.723751
313148,-7.534813
313600,84.272766
313644,84.272766
313744,62.231589
313756,62.231589
314076,4.159696
314188,19.535659
314256,119.621174
314300,119.621174
314492,119.621174
314624,45.072369
314744,45.072369
315048,28.407892
315120,28.407892
315132,28.407892
315156,28.407892
315384,28.407892
315768,28.407892
315912,28.407892
316360,28.407892
316788,28.407892
317096,228.602298
317560,228.602298
317676,-3.071182
317976,-3.071182
318076,243.673702
318140,243.673702
318388,243.673702
318556,31.449679
318616,31.449679
318624,237.687599
318680,237.687599
318792,19.387588
319048,242.714341
319120,242.714341
319132,242.714341
319216,6.629738
319228,20.654535
319608,72.659297
319616,74.656872
319856,30.285692
320404,144.515276
320680,23.146239
321136,92.812912
321488,176.047304
321588,176.047304
321668,29.639895
322056,141.49678
322132,141.49678
322220,22.825755
322256,22.825755
322616,22.825755
322680,22.825755
323132,22.825755
323464,22.825755
323608,226.438511
323668,130.162868
323724,130.162868
323868,130.162868
323936,130.162868
324016,22.151983
324072,3.727142
324184,-0.875312
324556,51.036946
324828,171.99752
325028,57.391711
325196,16.426567
325472,13.600308
325540,13.600308
325576,131.748714
325616,8.808914
326220,309.442689
326448,27.38875
326616,27.38875
326680,27.38875
326688,27.38875
326704,25.569884
326920,25.569884
327132,25.569884
327232,25.569884
327280,25.569884
327352,25.569884
327604,25.569884
327716,122.145083
328128,122.145083
329028,341.687406
329076,88.638048
329172,13.588658
329616,319.359957
329684,85.81677
330024,39.422184
330220,302.59489
330468,86.48049
330512,70.759091
330752,25.073602
331232,25.073602
331352,25.073602
331536,25.073602
331604,25.073602
331884,41.986159
332128,86.365701
332224,86.365701
332332,86.365701
332588,303.133297
332612,303.133297
332744,-4.64602
332752,-4.64602
332828,-4.64602
332944,-4.64602
333140,-4.64602
334188,-4.64602
334320,94.556738
334468,198.346388
334592,198.346388
334600,12.983007
334864,12.983007
334932,23.073386
335352,23.073386
335488,34.200603
335536,34.200603
335684,34.200603
335704,34.200603
335884,303.80108
335920,303.80108
336128,254.501087
336332,254.501087
336420,254.501087
336556,254.501087
336564,60.140479
336912,60.140479
336936,73.384507
337140,73.384507
337144,73.384507
337508,73.384507
337856,154.544485
338016,154.544485
338136,154.544485
338224,154.544485
338376,154.544485
338384,154.544485
338716,154.544485
338748,131.322537
338836,131.322537
338932,260.198009
338944,169.900565
338992,-1.401302
339056,-1.401302
339184,-1.401302
339536,-1.401302
339804,-1.401302
339812,87.203724
340128,315.245887
340136,315.245887
340260,315.245887
340288,315.245887
341476,315.245887
341612,315.245887
341964,315.245887
342248,315.245887
342748,323.612206
342992,321.252024
343184,25.215929
343272,25.215929
343492,25.215929
343568,178.415134
343724,178.415134
343812,243.240428
344128,304.395417
344248,58.421923
344288,58.421923
344560,58.421923
344564,105.042391
344572,75.774458
344592,29.052122
345008,43.839027
345032,43.839027
345072,43.839027
345148,22.031601
345200,22.031601
345292,68.053891
345332,5.684282
345468,5.684282
345476,5.684282
345492,5.684282
345500,113.360272
345516,113.360272
345556,113.360272
345600,113.360272
345768,2.730391
345848,15.19559
345992,15.19559
346064,74.793145
346104,74.793145
346288,154.882663
346328,154.882663
346336,-2.044008
346732,22.431734
347736,22.431734
347868,67.261225
348300,14.985531
348560,35.467417
348852,0.464229
349468,0.464229
349556,0.464229
349648,0.464229
349712,0.464229
349788,0.464229
349848,306.008837
349992,306.008837
350064,418.698492
350180,418.698492
350256,47.048673
350288,307.457372
350712,51.869104
350756,51.869104
350824,51.869104
350952,51.869104
351240,90.936438
351540,34.204307
351544,34.204307
351668,34.204307
351784,34.204307
352412,34.204307
352544,327.01842
352660,165.328546
352996,42.194689
353056,69.133988
353556,69.133988
353992,69.133988
354316,230.574881
354424,230.574881
354648,230.574881
354712,330.782292
354992,91.881673
355060,162.128476
355204,162.128476
355232,22.254021
355312,22.254021
355404,22.254021
355668,22.254021
355740,22.254021
355972,22.254021
356064,22.254021
356136,124.691027
356168,124.691027
356412,124.691027
356500,124.691027
356664,135.904553
356712,60.31565
356924,340.710287
357068,39.987976
357320,39.987976
357556,39.987976
357672,40.928467
357744,169.11079
357944,169.11079
358240,174.446844
358284,66.079709
358380,29.628705
358652,79.395295
358828,79.395295
358892,37.456618
358960,37.456618
359060,11.487696
359068,11.487696
359284,67.595744
359344,8.959031
359660,16.346774
360412,16.346774
360488,216.575501
360700,11.654726
360724,11.654726
360904,11.654726
360924,289.189178
361496,289.189178
361544,71.459024
361832,203.629812
361944,203.629812
362028,434.168943
362040,26.412421
362960,26.412421
363208,26.412421
363556,4.524642
363852,4.524642
363924,4.524642
364004,66.482966
364200,26.380457
364344,319.158427
364412,319.158427
364516,25.684406
364544,25.684406
364676,47.801057
364700,403.834106
364736,403.834106
365060,66.616123
365248,74.740046
365304,74.740046
365392,15.617299
365440,113.214934
365496,113.214934
365544,329.410511
365944,329.410511
366016,111.323383
366116,111.323383
366224,111.323383
366292,111.323383
366488,111.323383
366564,111.323383
366848,111.323383
366900,125.146997
366904,125.146997
367092,125.146997
367416,125.146997
367640,79.737997
367644,79.737997
367748,79.737997
367828,79.737997
367908,47.43984
368028,47.43984
368072,47.43984
368076,47.43984
368120,47.43984
368596,47.43984
368660,47.43984
368788,47.43984
369248,290.937608
369384,290.937608
369440,379.410108
370016,361.149501
371436,361.149501
371708,197.713128
371876,27.011624
371908,194.650865
371924,194.650865
372040,15.617577
372120,15.617577
372232,23.448409
372468,23.448409
372596,23.448409
372760,68.944399
372788,68.944399
372864,35.097671
373028,35.097671
373172,92.168003
373212,92.168003
373248,387.551811
373260,387.551811
373440,384.116417
373448,384.116417
373528,68.455124
373724,68.455124
373972,68.455124
373976,88.65516
373996,88.65516
374132,88.65516
374148,54.037235
374152,117.079743
374340,117.079743
375104,117.079743
375180,117.079743
375408,117.079743
375732,117.079743
375916,117.079743
375968,199.223989
376124,199.223989
376160,199.223989
376792,199.223989
376892,199.223989
376924,81.167667
377244,81.167667
377528,445.173519
377816,445.173519
377976,415.683088
378148,357.741517
378320,357.741517
378584,357.741517
378960,39.738436
379168,118.314766
379180,118.314766
379308,118.314766
379468,118.314766
379512,118.314766
379736,118.314766
379792,118.314766
379900,118.314766
379940,118.314766
380020,118.314766
380108,156.55075
380204,156.55075
380264,156.55075
380416,45.778428
380652,45.778428
380748,45.778428
380924,335.49893
380944,335.49893
381088,85.857422
381100,85.857422
381112,261.185399
381172,261.185399
381352,55.158494
381992,55.158494
382596,55.158494
383028,366.256599
383128,366.256599
383208,259.144217
383580,259.144217
383700,26.672139
383708,397.586603
384088,20.439664
384208,20.439664
384296,33.705827
384488,33.705827
384652,33.705827
384748,33.705827
384828,109.403654
385020,109.403654
385176,109.403654
385240,109.403654
385348,109.403654
385352,453.688554
385560,453.688554
385620,453.688554
385716,70.391553
385732,70.391553
385780,-0.559272
385796,-0.559272
385992,-0.559272
386500,-0.559272
386612,148.278201
387028,397.298544
387700,341.091882
388828,308.444753
388984,49.983565
389176,49.983565
389520,49.983565
389796,49.983565
389944,129.683503
389992,129.683503
390384,179.646465
390500,179.646465
390612,372.617599
390752,372.617599
390788,33.781707
390872,33.781707
390892,21.720422
391028,382.07026
391256,382.07026
391376,382.07026
391980,119.092522
392036,119.092522
392312,119.092522
392448,119.092522
392960,119.092522
393408,119.092522
393796,119.092522
393944,433.806522
394200,433.806522
394384,393.852475
394476,17.420736
394856,42.782542
395028,475.123293
395144,32.944657
395256,32.944657
395772,32.944657
395980,405.879144
395996,228.779922
396264,18.138756
396448,18.138756
396916,35.749526
398200,35.749526
398856,457.990157
399144,331.828243
399256,331.828243
399348,331.828243
399772,331.828243
399980,425.384664
400000,425.384664
400144,425.384664
400448,425.384664
400612,425.384664
400628,74.920516
400760,74.920516
400916,426.049406
400968,426.049406
401636,426.049406
402124,111.515603
402516,183.893332
402584,183.893332
402644,20.027124
402856,432.564713
402968,54.13151
403576,107.06691
403752,107.06691
403980,445.925721
404288,63.517852
404448,63.517852
404612,63.517852
404720,63.517852
404940,63.517852
405492,63.517852
405532,11.96361
405992,18.618955
406784,290.757545
406856,459.655458
406968,434.023307
407060,4.243588
407152,4.243588
407424,80.484931
407732,295.064954
407844,295.064954
407868,79.074363
408032,79.074363
408164,35.422133
408940,35.422133
409252,35.422133
409908,476.189793
410292,476.189793
410380,94.43935
410664,94.43935
410848,94.43935
410856,454.488698
411152,454.488698
411700,454.488698
411732,438.293083
411844,438.293083
412032,438.293083
412164,419.039071
412256,207.850271
412372,54.507556
412476,54.507556
412488,3.970729
413000,250.278464
413360,64.152087
413528,8.508749
413672,19.597048
414040,19.597048
414472,337.062229
414732,56.248145
415152,56.248145
415700,56.248145
416032,56.248145
416256,452.220346
416420,278.144322
416488,499.848111
416632,27.554231
417328,27.554231
417596,27.554231
417904,27.554231
418040,27.554231
418232,27.554231
418244,27.554231
418412,27.554231
418732,445.470718
418800,2.526786
419084,196.123004
419392,96.657505
419476,96.657505
420056,96.657505
420124,96.657505
420232,96.657505
420256,462.865431
420632,394.392742
420700,394.392742
420728,16.290117
420748,16.290117
421992,171.552223
422532,327.527659
422868,49.954333
423084,594.435311
423508,594.435311
423940,158.822732
424056,158.822732
424120,158.822732
424124,158.822732
424256,480.147039
424612,89.577088
424700,89.577088
425048,60.071315
425300,60.071315
425628,60.071315
425688,60.071315
425804,60.071315
425992,456.551657
426248,43.515049
426904,43.515049
427084,454.433556
428004,100.375991
428056,100.375991
428124,100.375991
428256,446.581235
428384,446.581235
428448,446.581235
428528,97.702063
428748,35.869448
428824,35.869448
429048,474.076343
429164,12.713646
429300,12.713646
429380,112.413799
429520,30.584125
430088,88.577472
430904,88.577472
431084,481.061525
431632,481.061525
432448,481.061525
432476,324.167192
432748,365.386898
432820,365.386898
432824,365.386898
433112,425.309389
433300,425.309389
433336,425.309389
433536,425.309389
433968,425.309389
434204,425.309389
434328,265.709912
434396,135.109443
435084,434.116569
435204,434.116569
435632,434.116569
435896,434.116569
436076,242.650122
436292,242.650122
436520,242.650122
436748,423.457894
436760,85.993456
437296,86.776263
437460,283.415367
437508,283.415367
437524,283.415367
437828,283.415367
437908,67.275022
437968,67.275022
438204,67.275022
438304,67.275022
438396,484.976329
438652,484.976329
438688,484.976329
438708,213.034967
438796,55.292672
438936,11.311117
439012,11.311117
439056,11.311117
439200,11.311117
439308,60.185735
439556,118.907843
439772,118.907843
440748,480.257436
441124,44.679487
441524,44.679487
441892,124.508832
441908,515.121175
442280,515.121175
442336,103.601664
442480,77.827514
442688,77.827514
443012,77.827514
443100,77.827514
443308,460.242328
443480,106.97891
443556,455.032349
443644,455.032349
443716,455.032349
443772,455.032349
444196,455.032349
444348,455.032349
444624,136.784352
444700,136.784352
444900,136.784352
445272,136.784352
446068,369.947694
446448,369.947694
446480,636.350837
446848,636.350837
447072,636.350837
447136,426.551617
447212,9.729942
448348,9.729942
448624,510.150198
449272,510.150198
449936,336.409092
450068,507.962208
450212,62.76071
450476,62.76071
450488,46.947
450588,121.883524
450848,121.883524
451072,121.883524
451212,515.565938
451236,515.565938
451280,515.565938
452472,515.565938
452500,515.565938
452616,515.565938
452624,495.880196
452696,495.880196
453124,495.880196
453328,495.880196
453412,325.436313
453584,325.436313
453680,325.436313
453856,325.436313
453992,33.790532
454024,33.790532
454588,541.304047
454764,113.706437
455072,113.706437
455100,25.84386
455116,25.84386
455212,558.833027
455292,124.033411
455540,124.033411
455560,124.033411
455820,519.832287
457856,519.832287
458024,519.832287
458512,519.832287
459004,519.832287
459028,519.832287
459084,519.832287
459100,522.601601
459188,522.601601
459212,398.165502
459292,505.757668
459540,505.757668
459820,415.286411
459884,415.286411
459956,30.083025
460124,132.235733
460204,132.235733
460260,35.50621
460508,35.50621
460596,68.851483
460924,329.657018
460968,329.657018
461160,91.564103
462204,427.069168
463540,427.069168
463884,427.069168
463944,427.069168
464044,427.069168
464472,427.069168
464508,427.069168
464596,500.995262
464924,527.033362
464948,527.033362
464968,527.033362
465160,492.87516
465300,461.948894
465336,108.134549
465912,108.134549
466968,108.134549
467672,108.134549
467884,108.134549
467896,108.134549
468156,108.134549
468508,108.134549
468596,592.128866
468968,592.128866
469160,495.97363
469300,599.384312
469336,534.562322
469424,534.562322
469720,534.562322
469868,534.562322
470020,534.562322
470080,534.562322
470328,534.562322
470800,225.721171
470992,225.721171
471344,225.721171
471520,225.721171
471560,225.721171
471584,429.121882
471760,277.911703
471896,277.911703
471936,152.64305
472288,106.66763
473300,492.266589
474352,492.266589
474660,492.266589
474720,492.266589
475520,492.266589
475560,492.266589
475592,492.266589
475704,492.266589
475760,579.371121
475936,538.925961
476144,538.925961
476288,574.059325
476412,138.450128
476672,43.960879
476724,82.24394
476732,82.24394
477300,478.173075
477580,253.775035
477608,104.918981
477680,7.719772
477988,42.82391
478248,42.82391
479560,42.82391
479592,42.82391
479984,434.766565
480660,434.766565
480672,557.029564
480732,557.029564
481144,114.948216
481284,114.948216
481568,114.948216
481588,48.879142
481608,754.293999
481988,632.60604
482176,181.083642
482248,181.083642
482788,93.834624
482952,160.735039
483124,253.55376
483592,253.55376
484084,253.55376
484500,253.55376
484680,253.55376
484732,253.55376
484972,253.55376
485096,253.55376
485436,253.55376
485712,253.55376
485988,573.325833
486788,585.956719
486860,585.956719
486952,604.361768
487124,490.037913
487188,490.037913
487900,373.224938
488228,373.224938
488552,336.033856
488728,285.943323
489016,43.216763
489096,43.216763
489344,43.216763
489436,43.216763
490004,43.216763
490056,43.216763
490144,43.216763
490212,219.331989
490324,219.331989
490368,199.352999
490952,519.993569
491428,79.174448
491900,561.234093
492148,237.296885
492564,237.296885
492692,237.296885
493096,237.296885
493600,492.070184
493680,241.442799
493688,241.442799
493800,8.492122
493868,8.492122
493936,8.492122
494232,110.807206
494324,110.807206
494404,48.798757
495356,48.798757
495412,48.798757
495428,506.214628
495808,506.214628
496148,668.280105
496644,668.280105
496976,207.651228
497096,207.651228
497228,472.929274
497312,78.766822
498232,78.766822
498248,219.558309
498404,606.485639
498716,606.485639
499412,606.485639
499756,606.485639
499780,606.485639
500020,330.914827
500148,603.07911
500944,129.250494
501228,412.13779
501580,63.573369
502232,63.573369
502404,514.720813
503412,514.720813
503532,174.011261
503592,174.011261
503636,352.027976
503756,352.027976
503780,352.027976
504020,439.020652
504136,47.777971
504172,47.777971
504320,47.777971
504364,19.931481
504496,19.931481
504504,202.047645
504564,364.201488
504676,364.201488
505184,364.201488
506012,364.201488
506156,364.201488
506472,270.714395
506556,23.378269
507176,23.378269
507412,23.378269
507544,23.378269
507756,23.378269
508204,23.378269
508224,23.378269
508364,382.963187
508504,579.811441
508564,409.986262
510452,417.822201
510556,536.464781
511544,536.464781
511756,536.464781
511904,314.293195
512072,314.293195
512204,314.293195
512224,314.293195
512440,314.293195
512504,535.480707
512564,595.725472
512600,595.725472
513080,595.725472
513552,306.534537
514556,578.513436
515068,578.513436
515580,182.654958
515804,182.654958
516224,182.654958
516504,598.464245
516564,547.755549
516600,547.755549
516980,547.755549
517080,547.755549
517552,592.521692
517572,202.363408
517620,202.363408
519580,565.074112
520224,565.074112
520504,500.017952
520760,500.017952
520916,500.017952
521080,500.017952
521180,197.832453
521372,29.37622
521552,498.381579
521572,651.038534
521624,651.038534
521888,651.038534
522144,651.038534
522160,651.038534
523736,651.038534
524224,651.038534
524504,741.924413
524892,67.981844
525080,67.981844
525372,648.546591
525480,648.546591
525552,552.380928
525572,544.799724
526036,544.799724
526160,544.799724
526384,93.26825
526688,355.576193
527248,355.576193
527356,355.576193
527796,355.576193
528020,355.576193
528264,355.576193
528412,355.576193
528708,355.576193
529292,472.037829
529372,656.221617
529480,656.221617
529572,603.105162
530064,603.105162
530148,133.98447
530160,133.98447
530688,676.245792
530792,676.245792
530992,676.245792
531068,676.245792
531164,676.245792
532092,460.942189
532592,460.942189
533052,108.576435
533324,108.576435
533572,544.322625
533588,544.322625
533708,544.322625
533792,544.322625
533920,544.322625
534036,544.322625
534148,783.096583
534388,331.976971
534688,651.158138
534792,651.158138
535068,651.158138
535536,282.304167
537224,440.67875
537572,588.325557
537920,588.325557
538036,588.325557
538064,462.889204
538216,462.889204
538376,462.889204
538388,599.275593
538540,599.275593
538604,110.328763
538672,110.328763
539068,110.328763
539208,453.317035
539608,288.45292
539844,288.45292
540732,288.45292
541572,624.928325
541756,624.928325
541920,624.928325
542216,624.928325
542244,624.928325
542396,624.928325
542472,624.928325
542604,800.112353
542748,36.923733
543068,36.923733
543124,67.625847
543208,619.877599
543360,94.402015
543548,94.402015
543584,94.402015
543608,626.699402
543896,626.699402
544072,626.699402
544148,626.699402
544200,132.227122
544656,132.227122
545140,132.227122
545232,132.227122
545508,132.227122
545572,609.992333
545740,28.854238
546276,28.854238
546516,28.854238
546696,28.854238
547208,563.527828
547608,376.283077
547848,376.283077
547896,376.283077
548016,96.282411
548200,663.295882
548284,367.966397
548616,367.966397
549168,367.966397
549744,319.7098
549764,395.073972
549776,395.073972
549976,21.158821
550276,21.158821
550548,21.158821
550884,21.158821
551300,21.158821
552200,709.487471
552284,564.673603
552616,564.673603
553764,747.775536
553976,752.476035
554276,752.476035
554448,752.476035
554548,752.476035
554756,752.476035
555300,752.476035
555804,752.476035
555944,430.691654
556200,511.434215
556252,511.434215
556532,68.011339
556920,157.405882
557764,650.340282
557976,751.002711
558276,751.002711
558548,751.002711
559052,315.467357
559804,315.467357
560252,315.467357
560532,696.861748
561368,506.938546
561976,626.692699
562100,626.692699
562276,626.692699
562384,523.274136
562752,523.274136
563128,302.756436
563148,302.756436
563336,302.756436
563400,57.030937
563804,57.030937
564020,57.030937
564532,609.75209
565544,190.740278
565976,563.23587
566384,535.326348
566856,276.485965
566980,161.648493
567148,161.648493
567320,161.648493
567336,161.648493
567400,647.101657
567804,647.101657
568020,647.101657
568524,344.161759
569432,344.161759
569932,344.161759
569976,676.319852
570156,22.38713
570980,634.817526
571400,624.950553
571804,624.950553
571940,624.950553
572464,271.216765
572524,661.983637
572876,661.983637
572908,661.983637
572956,661.983637
573100,423.164845
573432,423.164845
573572,423.164845
574156,680.494306
574176,680.494306
574464,42.570932
574824,239.072888
575128,239.072888
575484,239.072888
576464,692.215431
576524,630.640541
577572,630.640541
577828,688.687135
578176,688.687135
578464,739.74084
579128,739.74084
579484,739.74084
579612,276.732894
580196,276.732894
580328,276.732894
580464,473.660196
580524,618.252133
580912,272.187495
580992,125.959061
581484,125.959061
582176,125.959061
582464,636.13682
582572,636.13682
582600,237.096484
582848,77.146197
584328,77.146197
584524,734.092384
584912,679.718959
585200,112.967851
585484,112.967851
585664,112.967851
586176,112.967851
586572,112.967851
586600,592.256864
586772,592.256864
586848,607.365954
587724,299.007262
587752,299.007262
588220,299.007262
588300,309.019121
588912,668.087746
589200,753.164715
589244,753.164715
589540,753.164715
589664,753.164715
589684,171.651321
589880,171.651321
589952,171.651321
590052,182.600493
590216,182.600493
590580,182.600493
591080,182.600493
591220,182.600493
591724,679.417036
592300,743.23545
592792,123.457757
593540,123.457757
593684,760.307121
593952,760.307121
594052,656.403237
594212,40.468817
595080,40.468817
595220,40.468817
595724,669.159855
595848,669.159855
596764,669.159855
596792,488.210592
597540,488.210592
597684,404.593187
598212,650.705016
599080,650.705016
599244,520.238419
599724,653.292748
599848,653.292748
600760,540.136123
600764,540.136123
601328,138.513394
601528,436.112618
601540,436.112618
601572,511.909879
602056,147.763727
602212,613.28505
602656,100.946967
602788,100.946967
603080,100.946967
603820,229.288765
603848,229.288765
603896,16.735153
604360,16.735153
604832,16.735153
605328,860.932721
605528,696.620677
606056,580.152495
606788,580.152495
606888,512.245566
607016,450.393781
607080,450.393781
607188,450.393781
607848,450.393781
607988,450.393781
608124,450.393781
608372,450.393781
608600,450.393781
609528,675.475965
609652,20.004895
610056,661.335086
610160,472.780045
610688,106.902254
610888,792.699119
611188,792.699119
611848,792.699119
612192,530.326689
612372,530.326689
612600,530.326689
612732,327.380563
613028,327.380563
613204,327.380563
613840,327.380563
614012,320.712795
614160,674.030313
614272,674.030313
614688,720.246551
615848,720.246551
616192,640.971266
616600,640.971266
617204,640.971266
617504,640.971266
617792,640.971266
617948,640.971266
618012,663.848409
618160,604.439505
618232,604.439505
618336,604.439505
618688,829.248015
618736,829.248015
620192,715.014445
620700,715.014445
620896,205.82638
621096,205.82638
621204,205.82638
621948,205.82638
622012,644.433947
622160,964.920712
622336,964.920712
622688,682.859821
622836,682.859821
622920,258.559492
623320,187.179103
624012,187.179103
624104,279.477444
624380,389.787479
624720,267.23298
624896,606.298042
625096,606.298042
625204,606.298042
625840,606.298042
625948,606.298042
626288,606.298042
627272,606.298042
628104,883.438863
628180,693.26124
628380,720.877936
628720,782.367573
628844,10.901987
629840,10.901987
629948,10.901987
630056,387.48279
630288,387.48279
630500,387.48279
631272,387.48279
631388,387.48279
631444,237.744745
631672,237.744745
631776,237.744745
632104,668.313772
632328,697.498681
632604,697.498681
632844,876.574909
633064,129.766766
633300,71.004286
634428,71.004286
634500,71.004286
635272,71.004286
635444,849.029439
635992,849.029439
636004,849.029439
636104,731.076699
636604,731.076699
636844,750.469596
637300,689.220278
638348,418.206068
638364,418.206068
638428,418.206068
639512,245.814383
639720,245.814383
639736,30.992353
639992,30.992353
640104,540.809034
640224,540.809034
640844,715.564872
641180,715.564872
641300,621.054629
642124,621.054629
642160,621.054629
642364,621.054629
642444,252.352901
642492,252.352901
642896,97.493689
643716,97.493689
643736,665.332325
644104,680.464771
644528,216.426294
644668,216.426294
644844,927.78583
645860,332.842357
646124,332.842357
646424,332.842357
646492,332.842357
646824,332.842357
646896,582.647373
647268,564.935474
647384,564.935474
647556,347.433391
647716,347.433391
647896,347.433391
648104,692.039362
648316,692.039362
649376,692.039362
649544,580.94104
649992,631.635783
650488,631.635783
650824,631.635783
651556,716.931299
651716,716.931299
651804,716.931299
652104,789.349581
652316,789.349581
653544,882.780363
653992,845.254863
654488,845.254863
654660,240.679014
655556,724.827631
655716,724.827631
655744,41.774034
655804,41.774034
656104,730.938951
656316,730.938951
656480,53.114885
656832,53.114885
657992,668.790421
658488,668.790421
658660,626.835378
658880,46.473775
659716,46.473775
659744,628.148919
659840,518.330775
659876,518.330775
660316,518.330775
660480,648.183236
660872,204.788633
661340,204.788633
662288,204.788633
662344,204.788633
662880,550.113248
662976,550.113248
663156,615.208729
663716,615.208729
663840,830.652558
663876,203.767164
664872,722.340963
666344,722.340963
666976,722.340963
667104,722.340963
667156,930.131999
667416,663.011777
667716,663.011777
667840,762.74027
668368,762.74027
668872,646.224307
670344,646.224307
670488,646.224307
670976,646.224307
671104,646.224307
671156,691.643714
671416,746.956321
671840,862.480986
672240,94.581354
672368,94.581354
672560,94.581354
672700,94.581354
672872,680.750172
674324,680.750172
674488,680.750172
674976,680.750172
675156,899.580596
675416,664.599566
675812,664.599566
676124,664.599566
676240,663.579161
676364,663.579161
676560,663.579161
676572,663.579161
676872,727.875239
676944,727.875239
678584,727.875239
678844,777.613277
679156,753.100703
679812,753.100703
680240,660.995727
680560,660.995727
680572,660.995727
680872,946.193833
681012,199.879595
682584,669.645579
682816,422.76452
683156,886.283482
683192,158.974201
683812,158.974201
684080,223.808284
684560,223.808284
684572,223.808284
684872,1013.162471
686584,1013.162471
687156,678.522875
687192,663.380477
687812,663.380477
687940,663.380477
688080,759.729608
688560,759.729608
688872,917.704851
690104,433.601861
690228,393.920714
690332,11.765579
690412,11.765579
690584,11.765579
691156,897.794608
691812,897.794608
691940,897.794608
692872,896.036674
692896,639.691838
693776,639.691838
693836,639.691838
694052,234.178943
694104,858.849901
694584,858.849901
695028,858.849901
695156,749.816063
695312,334.093161
695556,334.093161
695940,334.093161
696300,270.637372
696896,719.116963
697836,719.116963
698052,769.570864
698644,769.570864
699028,769.570864
699312,902.40482
699648,68.961634
699940,68.961634
700300,709.623503
700896,588.423155
701836,588.423155
702052,747.562084
702144,289.008811
702644,289.008811
703028,289.008811
703088,855.297308
703940,855.297308
704300,746.345655
704500,746.345655
705836,746.345655
706052,765.988645
706144,711.097185
706764,711.097185
707028,711.097185
707088,741.875339
707468,761.229554
707556,761.229554
708500,761.229554
709836,761.229554
710052,871.292078
710144,858.016413
710764,858.016413
711088,811.098364
711468,662.993485
711556,662.993485
712248,662.993485
712260,662.993485
712500,662.993485
714052,700.679948
714144,623.585391
714652,623.585391
714764,623.585391
715088,932.33281
715468,743.99497
715748,743.99497
716248,743.99497
716260,743.99497
718052,861.241226
718144,738.41365
718764,738.41365
719088,672.059825
719468,696.898482
719680,696.898482
719748,696.898482
719800,696.898482
719868,696.898482
720248,696.898482
720260,696.898482
720524,696.898482
721140,681.301917
721520,681.301917
721624,681.301917
721976,681.301917
722144,609.451946
722228,609.451946
723080,268.08899
723088,942.278455
723468,812.233039
723560,812.233039
723800,812.233039
724524,812.233039
724776,812.233039
725140,979.691186
725464,979.691186
725624,979.691186
725940,979.691186
726516,979.691186
727080,1037.683876
727088,782.290142
727344,70.75893
727468,731.031892
728416,731.031892
728776,731.031892
729140,911.947996
729464,911.947996
729940,911.947996
729944,911.947996
730228,911.947996
730900,911.947996
731080,676.931672
731344,619.55174
731468,732.320601
732776,732.320601
733140,812.446908
733212,812.446908
734228,812.446908
734376,812.446908
734900,812.446908
735080,680.420871
735344,890.808262
735468,775.856312
735980,775.856312
736156,775.856312
736328,775.856312
736696,775.856312
736748,458.160922
736776,458.160922
737140,1046.513564
737212,1046.513564
738092,1046.513564
738208,1046.513564
738820,1046.513564
739344,768.550527
739468,787.318312
739980,787.318312
740696,787.318312
740748,626.391961
741140,1133.503859
741840,1133.503859
742208,1133.503859
742820,1133.503859
743064,1133.503859
743344,723.113416
743468,608.881732
744472,608.881732
744748,925.548581
745140,928.994535
745396,928.994535
745840,928.994535
746208,928.994535
746356,928.994535
746744,928.994535
746920,928.994535
747064,928.994535
747344,757.007885
747468,880.632391
747484,880.632391
748744,880.632391
748748,705.833433
749140,766.746473
749144,766.746473
750016,766.746473
750212,766.746473
750356,766.746473
751344,972.961287
751464,972.961287
751468,866.002328
751768,866.002328
751852,866.002328
752636,866.002328
752748,879.850211
753140,1158.44569
753800,1158.44569
754008,551.181207
754016,551.181207
754088,551.181207
754212,551.181207
755344,851.742546
755636,851.742546
756636,851.742546
756748,661.705502
757140,687.354519
757632,687.354519
758008,963.412332
758088,963.412332
758228,963.412332
759344,968.422304
759636,968.422304
759676,968.422304
760384,968.422304
760636,968.422304
760748,939.135466
761140,781.906386
761824,781.906386
762008,798.178861
762228,798.178861
763344,1098.032281
763676,1098.032281
764096,1098.032281
764636,1098.032281
764748,932.227492
765140,693.137167
765824,693.137167
765960,693.137167
766008,825.679303
767344,675.099736
767676,675.099736
768096,675.099736
768748,850.47735
769140,953.602692
769824,953.602692
769960,953.602692
770008,1019.077156
770576,1019.077156
771344,611.912027
771380,611.912027
771676,611.912027
772748,838.56846
772996,838.56846
773140,864.637603
773824,864.637603
774008,1082.639458
774204,47.913072
774428,47.913072
774576,47.913072
774816,467.425254
775344,862.384787
775676,862.384787
777140,1100.227139
777736,224.981823
777824,224.981823
778204,750.860782
778428,750.860782
778576,750.860782
778816,754.797386
779020,754.797386
779344,1085.563549
779676,1085.563549
779808,1085.563549
781736,916.533431
782204,910.986144
782416,206.152965
782428,206.152965
782576,206.152965
782816,734.2845
783344,862.067944
783676,862.067944
783808,862.067944
786204,1070.977529
786416,1121.193566
786428,1121.193566
786576,1121.193566
786816,787.547128
787344,1005.363422
787676,1005.363422
787808,1005.363422
790204,806.660644
790280,806.660644
790416,1006.033052
790428,1006.033052
790576,1006.033052
790816,713.535953
791344,777.017182
791500,217.407616
791808,217.407616
792924,217.407616
794204,733.977692
794280,733.977692
794416,1005.083835
794576,1005.083835
795344,762.409414
795500,718.064052
795808,718.064052
796260,718.064052
796848,756.405217
796924,756.405217
797176,756.405217
797436,756.405217
798052,306.857271
798416,921.236341
799344,764.827818
799500,860.028364
799816,860.028364
800260,860.028364
801176,860.028364
801436,860.028364
802012,860.028364
802052,962.169452
802416,942.17343
802480,942.17343
802868,942.17343
803344,735.694515
803500,714.435296
804112,714.435296
804260,714.435296
804524,714.435296
805176,714.435296
805704,628.07353
806052,969.220849
806416,947.827395
806456,204.757378
806868,204.757378
806888,204.757378
807344,1225.221575
807680,1225.221575
807948,1225.221575
808260,1225.221575
809176,1225.221575
810020,678.440218
810052,1030.468782
810416,1059.782992
810456,824.773389
811680,824.773389
811948,824.773389
812156,824.773389
812260,824.773389
813176,824.773389
813464,847.9218
814020,769.874534
814244,769.874534
814416,1070.970824
814456,824.055247
815656,824.055247
815680,824.055247
815868,824.055247
816156,824.055247
816316,824.055247
816400,824.055247
817176,824.055247
817464,807.997766
818020,874.793605
818116,874.793605
818416,881.819404
818456,1087.296778
819264,208.070517
820316,208.070517
820400,208.070517
820716,208.070517
821080,208.070517
821176,208.070517
821464,1048.23088
821788,1048.23088
821984,1048.23088
822020,946.5102
822080,946.5102
822116,946.5102
822456,814.86754
823264,1030.822597
824600,784.25719
824716,784.25719
825464,1084.279093
825984,1084.279093
826080,1084.279093
826116,1084.279093
826456,798.338018
827264,895.359192
827284,895.359192
827356,895.359192
828600,951.028524
829064,951.028524
829464,784.244609
829700,85.006597
829708,85.006597
830080,85.006597
830116,85.006597
830456,1018.386668
831264,909.351631
831356,909.351631
831420,909.351631
832116,698.766906
832564,698.766906
832600,816.341898
833708,816.341898
834456,1108.732232
835212,1108.732232
835264,837.949836
835356,837.949836
835420,837.949836
836116,1066.323166
836436,948.767759
836868,124.797754
837264,124.797754
838456,1173.977211
838848,103.044555
838980,53.0333
839212,53.0333
839264,991.9566
839356,991.9566
839420,991.9566
839488,74.674751
840116,1080.053051
840424,1080.053051
840868,1042.597656
841092,1042.597656
841264,1042.597656
841732,1042.597656
842980,1157.599394
843356,1157.599394
843420,1157.599394
843488,796.585299
844116,1189.907827
844868,928.885589
845056,72.816475
845092,72.816475
845732,72.816475
845740,72.816475
846076,72.816475
846980,970.252797
847384,970.252797
847420,970.252797
847488,1167.024247
847928,1167.024247
848116,897.465214
849056,1090.873327
849092,1090.873327
849296,1090.873327
849812,613.356448
850260,613.356448
850728,613.356448
850980,797.879354
851420,797.879354
851928,797.879354
852116,1145.038524
852120,373.603767
853056,1072.251986
853812,1216.769278
853928,1216.769278
854260,1216.769278
854892,750.622394
855420,750.622394
855552,750.622394
855560,750.622394
855668,761.911739
855856,761.911739
855928,761.911739
856120,790.958884
856964,394.783283
857804,1145.985947
857928,1145.985947
858892,656.891061
859552,656.891061
859752,656.891061
859856,656.891061
859928,656.891061
860120,851.711171
860964,1264.403454
861216,1264.403454
861760,841.258519
861804,784.731218
861928,784.731218
862052,536.394164
863752,536.394164
863928,536.394164
864336,536.394164
864792,536.394164
864964,1243.6775
865216,1243.6775
865248,1115.204055
865460,58.802037
865476,58.802037
865804,1210.969532
866052,890.380779
866088,890.380779
866792,890.380779
867016,633.468961
867752,633.468961
869216,633.468961
869460,844.701968
869804,1173.454032
870052,1035.921738
870088,1035.921738
870792,1035.921738
871016,1056.336245
871752,1056.336245
873216,1056.336245
873460,1039.191941
873804,877.382326
874052,933.221455
874088,933.221455
874792,933.221455
875016,1026.415549
875160,412.5285
875540,472.078515
875752,472.078515
875760,191.205267
876348,191.205267
876444,191.205267
877216,191.205267
878052,1090.645336
878552,628.028272
878792,628.028272
879160,1029.894873
879192,1029.894873
879540,828.772138
880288,493.178182
880348,493.178182
881216,493.178182
881896,514.568287
882052,1118.866966
882184,1118.866966
882468,1118.866966
882724,1015.587979
882728,210.479914
882792,210.479914
883140,210.479914
883160,1070.564991
883192,1070.564991
884348,495.50576
884352,379.961173
884932,379.961173
885896,1196.767619
886184,1196.767619
886728,847.93575
886912,796.548482
887140,796.548482
887192,796.548482
888348,878.832486
888664,878.832486
888676,119.991899
888932,119.991899
889708,311.445446
889896,820.484663
890184,820.484663
890644,316.230954
890728,894.261047
890912,1214.350024
891192,1214.350024
891264,1214.350024
891500,318.039843
891580,318.039843
891932,370.668751
892664,370.668751
893060,622.756817
893308,110.038874
893360,1076.593716
893624,1076.593716
893680,788.655063
894232,788.655063
894244,788.655063
895004,566.750526
895264,566.750526
895656,566.750526
895692,1232.903997
896272,1232.903997
896460,1232.903997
896508,1232.903997
897204,958.877506
897360,1074.990703
897704,112.327577
897940,112.327577
897944,219.665414
898136,145.829857
898232,145.829857
898680,145.829857
898952,145.829857
899004,989.059253
899692,886.092634
900172,886.092634
900272,886.092634
900644,803.774029

